0.831826
0.973646
0.787185
0.959390
0.680710
0.994409
0.597472
0.760528
0.680666
0.773234
0.964785
0.995622
0.944338
0.682052
0.507438
0.976249
0.601624
0.766651
0.989570
0.995201
0.621944
0.864212
0.864663
0.652724
0.827477
0.859312
0.875955
0.964996
0.963215
0.993264
0.988807
0.768115
0.983874
0.999066
0.945724
0.986285
0.889862
0.980108
0.999918
0.527796
0.834101
0.685543
0.609061
0.873190
0.695785
0.511658
0.991701
0.889315
0.670952
0.542548
0.968159
0.995778
0.998791
0.752478
0.978407
0.903749
0.617041
0.880312
0.792249
0.773947
0.501202
0.999400
0.821506
0.960693
0.792751
0.848010
0.795230
0.992779
0.927760
1.000000
0.964489
0.664502
0.820806
0.867439
0.608353
0.999061
0.987610
0.797409
0.960551
0.596981
0.993867
0.999787
0.811614
0.728072
0.695580
0.926277
0.571593
0.876822
0.537825
0.900460
0.872369
0.999646
0.849035
0.732078
0.793948
0.913704
0.888284
0.838171
0.955677
0.993572
0.946337
0.628117
0.999611
0.973693
0.987814
0.999939
0.622654
0.537051
0.999995
0.791520
0.887626
0.746935
0.992148
0.964658
0.819669
0.925144
0.992523
0.814131
0.578202
0.899753
0.830128
0.817570
0.934478
0.740701
0.990094
0.996391
0.934695
0.976314
1.000000
0.764485
0.968187
0.993730
0.999124
0.691023
0.853858
0.618367
0.998945
0.896835
0.992376
0.996753
0.993368
0.979815
0.999505
0.835695
0.723589
0.981101
0.818614
0.846619
0.910726
0.994506
0.661665
0.997977
0.747429
0.754351
0.575226
0.957360
0.568364
0.979058
0.990150
0.819517
1.000000
0.951501
0.930116
0.906818
0.866257
0.831145
0.783034
0.902766
0.997909
0.985334
0.997470
0.810243
0.544558
0.973837
0.932555
0.993190
0.998009
0.957504
0.999997
0.994184
0.998949
0.933923
0.901513
0.967068
0.907937
0.955702
0.527438
0.992904
0.963094
0.999793
0.710435
0.999703
0.950574
0.597050
0.999993
0.977962
0.978425
0.983537
0.618869
0.822556
0.971900
0.917484
0.966588
0.877890
0.882598
0.681435
0.726986
0.639151
0.999904
0.996609
0.976333
0.733086
0.979663
0.994726
0.899599
0.992320
0.988902
0.993542
0.993108
0.923123
0.999998
0.940020
0.929023
0.972367
0.982723
0.955400
0.902996
0.981135
0.949411
0.999824
0.663953
0.982696
0.796131
0.999943
0.999959
0.698112
0.955273
0.638182
0.987805
0.914979
0.761169
0.747637
0.975853
0.808859
0.846883
0.894590
0.594164
0.877645
0.960535
0.907978
0.947320
0.887604
0.948237
0.982567
0.694145
0.976940
0.991480
0.994137
0.614976
0.630417
0.998414
0.755191
0.646886
0.882380
0.961411
0.933828
0.933860
0.862417
0.992903
0.998911
0.626031
0.871427
0.984261
0.873008
0.990157
0.882287
0.692265
0.887377
0.536203
0.963656
0.999347
0.909761
0.550850
0.614921
0.999464
0.998600
0.989323
0.998019
0.998376
0.859317
0.797355
0.701012
0.988095
0.987548
0.941287
0.963713
0.888847
0.999170
0.970979
0.998866
0.959099
0.924757
0.862429
0.999999
0.974581
0.863602
0.695587
0.796131
0.562400
0.924349
0.993391
0.999931
0.940475
0.976455
0.610328
0.735073
0.999801
0.866441
0.853766
1.000000
0.972794
0.632746
0.806560
0.937472
0.999479
0.965036
0.580611
0.623724
0.955017
0.993871
0.846441
0.919222
1.000000
0.999710
0.944815
0.709894
0.683324
0.939826
0.950813
0.559503
0.999811
0.998558
0.586770
0.995884
0.720867
0.530909
0.980000
0.999443
0.765149
0.644996
0.648248
0.928328
0.865497
0.972463
0.900882
0.676629
0.850856
0.608052
0.831490
0.803508
0.502327
0.998628
0.850756
0.816137
0.644127
0.523112
0.800366
0.889314
0.953830
0.855043
0.871551
0.924220
0.967070
0.905571
0.865070
0.993404
0.970860
0.964186
0.995055
0.985921
0.995519
0.985113
0.931633
0.760607
0.998386
0.624988
0.664955
0.969491
0.988844
0.952545
0.870280
0.988901
0.910583
0.771015
0.979507
0.579650
0.983764
0.898028
0.844980
0.863080
0.871343
0.938432
0.883458
0.989100
0.704641
0.997721
0.547514
0.627322
0.702821
0.701661
0.997038
0.827954
0.945647
0.995563
0.607979
0.999945
0.788713
0.893927
0.926659
0.774000
0.995564
0.977684
0.992821
0.710791
0.999001
0.962083
0.985321
0.857480
0.987747
0.815062
0.969794
0.525811
0.879574
0.588822
0.989453
0.999967
0.864000
0.751259
0.992864
0.578247
0.966570
0.626808
0.806778
0.611116
0.879418
0.994987
0.992082
0.511331
0.982328
0.926887
0.970098
0.999903
0.800727
0.548343
0.856377
0.903221
0.968533
0.999996
0.992785
0.674954
0.943519
0.999872
0.813591
0.938790
0.599165
0.803402
0.757666
0.991824
0.989616
0.697797
0.957951
0.992374
0.992602
0.860435
0.951537
0.889495
0.999998
0.985295
0.965909
0.994729
0.592183
0.841449
0.952718
0.981053
0.995919
0.954165
0.973228
0.938746
0.999994
0.965873
0.992910
0.649642
1.000000
0.995346
0.984295
0.704212
0.868696
0.988611
0.859731
0.950877
0.984445
0.979609
0.778359
0.898872
0.849832
0.769187
0.956038
0.785049
0.870343
0.996900
0.912444
0.764327
0.735067
0.723583
0.944539
0.908025
0.989896
0.895802
0.941748
0.996456
0.831114
0.711521
0.942886
0.918680
0.958033
0.637332
0.999571
0.770092
0.664557
0.775797
0.786065
0.935076
0.953090
0.602043
0.658572
0.547882
0.999998
0.999631
0.948522
0.727406
0.992602
0.968521
0.984321
0.501368
0.789930
0.604426
0.872597
0.958187
0.947216
0.986376
0.973925
0.921361
0.922885
0.949866
0.996020
0.627114
0.889286
0.758711
0.953422
0.920598
0.997759
0.916799
1.000000
0.988098
0.622225
0.978687
0.979456
0.953233
0.980156
0.791677
0.951232
0.998492
0.823151
0.804657
0.748086
0.639442
0.992200
0.997957
0.861164
0.999482
0.953501
0.716829
0.894037
0.993635
0.965999
0.891203
0.995807
0.987595
0.989888
0.974898
0.993956
0.845425
0.998672
0.535627
0.998098
0.871029
0.959016
0.907946
0.715735
0.824094
0.965410
0.999850
0.999707
0.596063
0.787372
0.978070
0.988854
0.698112
0.515865
0.612337
0.980631
0.969994
0.904351
0.982101
0.993565
0.997269
0.889267
0.620898
0.990804
0.999881
0.635349
0.987406
0.986029
0.941609
0.998456
0.953444
0.994312
0.862226
0.997577
0.978009
0.991493
0.958190
0.999130
0.990463
0.989481
0.980399
0.977324
0.937687
0.978898
0.993291
0.830022
0.911965
0.999655
0.993215
0.963994
0.998290
0.999000
0.996227
0.999836
0.998413
0.992944
0.909844
0.999936
0.891670
0.899435
0.995650
0.942655
0.995999
0.990150
0.991075
0.611052
0.806864
0.981458
0.827254
0.996856
0.870512
0.991357
0.901456
0.996671
0.921346
0.988507
0.972916
0.994963
0.859715
0.927465
0.995851
0.999960
0.818220
0.997161
0.975556
0.986008
0.856729
0.950581
0.993911
0.941954
0.983405
0.951389
0.980001
0.731969
0.731241
0.996482
0.999803
0.984500
0.681031
0.880605
0.997083
0.889207
0.957555
0.987443
0.918112
0.989742
0.839987
0.914152
0.818500
0.995936
0.953691
0.951046
0.996608
0.976091
0.731771
0.936684
0.743266
0.943203
0.999606
0.976228
0.999758
0.785749
0.999251
0.978344
0.937098
0.913595
0.977042
0.959603
0.834009
0.944685
0.900210
0.992804
0.644544
0.884558
0.999394
0.992426
0.922028
0.986661
0.787561
0.916035
0.998363
0.629392
0.992547
0.999126
0.961651
0.960297
1.000000
0.994530
0.999827
0.999594
0.994537
0.742239
0.796873
0.744579
0.738074
0.933089
0.990221
0.984290
0.997525
0.993431
0.996109
0.991881
0.841743
0.982201
0.999920
0.802301
0.926391
0.999548
0.999509
0.997357
0.960664
0.968138
0.960883
0.999968
0.934779
0.998873
0.535335
0.999939
0.518236
0.994605
0.987144
0.756270
0.993189
0.677290
