0.862303
0.569232
0.531903
0.889443
0.961869
0.945035
0.970168
0.998900
0.998322
0.741494
0.823602
0.949457
0.675298
0.974746
0.581011
0.732210
0.994528
0.730797
0.998295
0.886122
0.588478
0.963701
0.981041
0.918953
0.994747
0.972471
0.932148
0.994448
0.989520
0.964117
0.641495
0.975573
0.753861
0.998937
0.995169
0.992933
0.538135
0.943993
0.974807
0.594609
0.999991
0.590031
0.999798
0.937178
0.972130
0.932029
0.636740
0.986340
0.994146
0.574205
0.674647
0.997062
0.903929
0.984719
0.891686
0.975567
0.885129
0.999757
0.974701
0.960718
0.975806
0.999081
0.974267
0.999283
0.719827
0.784212
0.921463
0.985238
0.972819
0.998845
0.503938
0.881461
0.833055
0.782329
0.983246
0.622236
0.597137
0.559843
0.985376
0.996930
0.952029
0.828208
0.997996
0.750678
0.659880
0.611603
0.999068
0.999267
0.793832
0.975779
1.000000
0.999547
0.863228
0.627844
0.514824
0.999216
0.555933
0.987342
0.999909
0.995017
0.585658
0.992913
0.945855
0.874837
0.997499
0.997382
0.994319
1.000000
0.999900
0.645626
0.974818
0.993148
0.999433
0.976554
0.704657
0.945882
0.985362
0.975829
0.977734
0.878777
0.992194
0.915240
0.593213
0.938642
0.990058
0.927941
0.827960
0.971415
0.610230
0.960421
0.960939
0.688578
0.617404
0.600495
0.998040
0.792121
0.994840
0.590998
0.964214
0.970932
0.860610
0.998973
0.999812
0.997748
0.999571
0.554897
0.786448
0.994462
0.998480
0.975575
0.936857
0.730184
0.998198
0.733737
0.999576
0.914597
0.952291
0.902781
0.998977
0.977192
0.984766
0.517050
0.938710
0.998872
0.969483
0.997201
0.568717
0.998459
0.999611
0.998136
0.871499
0.879827
0.996734
0.770189
0.999451
0.985395
0.973282
0.952320
0.904220
0.965413
0.771427
0.587184
0.998137
0.970659
0.965538
0.984897
