0.840585
0.957899
0.560755
0.563557
0.997911
0.817101
0.999935
0.961698
0.610479
0.871082
0.924599
1.000000
0.991187
0.995767
0.736926
1.000000
0.915144
0.999728
0.999974
0.999998
0.700338
1.000000
1.000000
0.999950
0.924346
0.999253
0.988018
0.999997
0.987044
1.000000
0.991646
0.999994
0.939124
0.699183
0.852114
0.948989
0.999163
0.999996
0.999998
1.000000
0.716691
0.991305
0.719479
0.630135
0.927937
0.999519
0.950645
1.000000
0.975335
0.961132
0.739526
0.525432
1.000000
0.999915
0.976727
0.659164
0.720675
0.999388
0.999457
0.596779
1.000000
0.994197
0.828992
0.987807
0.740063
0.998555
0.918212
0.999999
0.785685
0.999304
0.922866
0.952065
0.654711
0.935360
0.911590
0.623908
1.000000
0.999948
0.626400
0.573004
0.953839
0.999828
0.998815
1.000000
0.997630
1.000000
0.980868
1.000000
0.999787
0.953599
0.986898
0.988157
0.833511
0.995009
0.999735
0.999919
0.616813
0.998619
0.906993
0.989830
0.761544
0.996380
0.971431
0.998751
0.999992
0.995149
0.983882
1.000000
0.997881
0.936506
0.999975
0.953158
1.000000
0.996918
0.550895
1.000000
0.905250
0.998176
1.000000
0.928028
0.999763
0.999992
1.000000
0.992576
0.997065
1.000000
1.000000
0.939321
0.998635
0.992121
0.999779
0.989399
0.995979
0.999989
1.000000
0.917598
0.933697
0.784808
0.996927
0.999834
0.720143
1.000000
0.734195
0.999756
0.842686
0.833944
1.000000
0.999996
0.943956
1.000000
0.631072
0.978781
0.735597
0.992852
0.725214
0.899504
0.999976
0.999363
0.976818
0.962792
0.915357
0.999305
0.998506
0.999996
0.999998
0.991398
1.000000
0.990991
0.996139
0.983951
0.894018
0.989159
0.999747
0.998677
0.982089
0.762255
0.553448
0.999126
1.000000
0.938425
0.999988
0.744863
0.999844
0.998315
1.000000
0.959842
1.000000
0.534681
0.999999
0.999967
0.995010
0.999462
0.822756
0.999998
0.995206
0.984864
0.999940
0.881349
1.000000
0.999600
0.994410
0.999944
0.648581
0.999997
0.859088
1.000000
0.985838
0.563053
0.996492
0.999996
1.000000
0.975433
0.594397
0.744563
0.973442
0.850084
0.999809
0.999546
0.896108
0.999996
1.000000
0.543731
0.999998
0.930872
0.986662
0.995144
0.999999
0.986384
0.976915
0.999603
1.000000
0.738727
0.840894
1.000000
0.984148
0.603733
0.585261
0.957525
0.999323
0.993383
1.000000
0.999762
0.752474
0.999997
1.000000
0.992739
1.000000
0.939830
0.861095
0.899995
0.999953
0.995631
0.858609
0.698676
0.997317
0.984388
0.808520
0.842402
0.568380
0.999978
0.999937
0.940825
0.993599
0.998959
0.995965
0.998671
0.999964
1.000000
1.000000
1.000000
0.999363
0.845302
0.873079
0.999920
0.529908
0.563919
0.909534
0.816166
0.968373
1.000000
0.995167
0.555832
0.932606
1.000000
0.998247
0.688054
0.977606
0.936413
0.997684
0.993016
0.992851
0.872135
1.000000
0.961025
0.999904
0.666689
0.999652
0.999395
0.615450
0.999988
0.863017
1.000000
0.774103
0.946486
0.996452
0.999945
0.899898
1.000000
0.998360
0.996998
0.862967
0.651126
0.985092
1.000000
1.000000
0.542611
0.873011
0.999775
0.798625
0.968413
0.728262
0.992330
1.000000
0.678717
0.933263
0.983769
0.937830
0.980757
0.998829
0.999995
0.790714
0.774199
0.999972
0.554385
1.000000
0.994123
0.778890
0.708974
1.000000
0.998907
0.733826
0.888001
1.000000
0.898145
0.999734
1.000000
0.954175
0.673242
0.504819
0.999964
1.000000
0.700434
0.858020
0.999910
0.979633
0.530190
1.000000
0.938879
1.000000
0.986831
0.833485
0.991848
1.000000
0.956514
0.970661
0.999989
0.999865
1.000000
0.999886
0.960935
0.999129
0.988796
0.999613
0.999744
0.503041
1.000000
0.972580
0.999686
0.878894
0.908491
0.669611
0.998747
1.000000
0.985764
0.969475
0.989250
0.999734
0.731914
1.000000
0.999787
0.999997
0.999801
0.999991
0.982257
0.999999
1.000000
0.969361
1.000000
0.977994
0.999857
0.999894
1.000000
0.999041
0.995265
0.921407
0.988699
0.999974
0.987070
0.999999
0.704517
0.930740
0.999997
0.886823
0.999996
0.814973
0.980326
0.999957
0.884997
0.626075
0.641821
0.535456
0.999835
0.535461
0.996913
0.629293
0.991289
0.974652
0.997890
0.999212
0.957191
0.984321
0.687608
0.999632
0.953127
0.999107
0.996974
0.979493
0.588076
0.593879
0.624223
1.000000
0.838551
0.999828
0.985903
0.763526
0.992612
0.991059
0.980528
0.999993
1.000000
1.000000
0.999974
0.998104
0.819212
0.999593
0.790859
1.000000
0.642924
0.989191
0.999684
0.777928
0.996389
0.686555
0.907266
0.993003
0.999806
0.998883
1.000000
0.998842
0.959635
0.927455
0.815772
0.945278
0.999995
1.000000
0.845815
0.828066
0.908886
0.982596
0.703095
1.000000
1.000000
0.999006
0.663174
0.986462
0.954760
0.779084
0.903915
0.976470
0.935617
0.981830
0.997588
1.000000
0.999975
0.993496
1.000000
0.635325
0.583514
0.984746
0.999504
0.963838
1.000000
0.986038
0.999844
0.988304
1.000000
0.910993
0.999999
0.998343
0.993792
0.999892
0.998438
0.999819
0.992635
0.984241
1.000000
1.000000
0.973135
0.896555
1.000000
0.999505
0.919250
0.991375
1.000000
0.999959
0.990223
0.968812
0.999998
0.987877
0.999850
1.000000
0.997573
0.730237
0.740300
0.962867
0.982479
0.768290
0.813505
0.962532
0.552287
0.998564
0.788011
0.999998
0.985177
0.617619
0.992058
0.744267
0.967113
0.999999
1.000000
0.995427
0.856915
0.790056
0.757998
1.000000
0.992830
1.000000
0.860807
0.704297
1.000000
0.761487
0.999858
0.940684
0.999283
0.999974
0.946198
0.745821
0.992080
0.999896
0.984872
0.974356
0.988745
0.997434
0.999987
1.000000
0.500440
0.659457
0.914021
0.957919
1.000000
0.996769
0.785646
0.761837
0.999822
1.000000
0.982541
1.000000
1.000000
0.682392
0.998575
0.999973
0.979570
1.000000
0.822566
0.995129
0.523915
0.996569
0.876348
0.999966
0.999984
1.000000
0.995233
0.557388
0.999999
0.826231
0.805938
0.970880
0.882844
0.739501
0.860669
0.706538
0.897494
0.937077
0.724840
0.596522
0.762356
0.596219
0.613258
0.857332
0.884386
0.560442
0.575466
0.934119
0.768910
0.919472
0.726957
0.927040
0.687389
0.774081
0.904365
0.850781
0.669634
0.885794
0.779613
0.500754
0.823090
0.729286
0.958410
0.793115
0.888683
0.815962
0.503352
0.747119
0.740559
0.641723
0.786801
0.804088
0.902962
0.864452
0.971077
0.739818
0.806900
0.657642
0.544207
0.546955
0.738560
0.849680
0.791892
0.930011
0.799415
0.853147
0.951202
0.920044
0.545296
0.809947
0.694798
0.963764
0.531120
0.905725
0.767778
0.707466
0.849349
0.748443
0.907447
0.856265
0.563723
0.884953
0.768697
0.599357
0.909276
0.572207
0.965869
0.698048
0.582150
0.726283
0.587561
0.863745
0.976877
0.725591
0.968461
0.590445
0.682399
0.696118
0.809848
0.907141
0.901082
0.973483
0.985412
0.963886
0.952951
0.849107
0.849480
0.556515
0.583220
0.773772
0.868200
0.888257
0.616710
0.953831
0.750202
0.728186
0.795691
0.665487
0.767198
0.512122
0.993287
0.939103
0.965875
0.738630
0.653312
0.795188
0.899348
0.902617
0.951235
0.914048
0.805719
0.732752
0.613952
0.939631
0.745495
0.766442
0.728395
0.597270
0.978278
0.527885
0.519912
0.770469
0.615616
0.959675
0.859649
0.578020
0.674634
0.966645
0.950917
0.986612
0.809001
0.878751
0.583731
0.913168
0.966819
0.540031
0.864968
0.566427
0.855409
0.945270
0.975558
0.936995
0.875558
0.900791
0.744762
0.684081
0.694655
0.662919
0.975508
0.502373
0.806263
0.702717
0.636686
0.689929
0.984684
0.882896
0.941761
0.516486
0.504832
0.834290
0.573605
0.751830
0.820938
0.947260
0.784526
0.913661
0.806576
0.695454
0.717630
0.532241
0.863664
0.577644
0.634969
0.964815
0.505696
0.535669
0.517237
0.606435
0.763294
0.970227
0.596492
