0.624416
0.527038
0.501267
0.538823
0.753850
0.538546
0.532037
0.530532
0.739178
0.634248
0.547362
0.588701
0.647793
0.584363
0.522619
0.529431
0.647663
0.533372
0.516670
0.549122
0.666649
0.514179
0.663110
0.551206
0.521284
0.517416
0.606590
0.584747
0.539427
0.551744
0.868724
0.524901
0.749407
0.656420
0.659223
0.529317
0.521472
0.521764
0.560728
0.515871
0.515523
0.853784
0.639278
0.718655
0.626967
0.520016
0.504708
0.766892
0.501150
0.621112
0.588267
0.519351
0.658688
0.501447
0.529302
0.773502
0.796647
0.502190
0.505939
0.574326
0.521694
0.516040
0.560891
0.533247
0.643367
0.524858
0.630284
0.558345
0.573876
0.517601
0.541625
0.523665
0.509698
0.531481
0.663091
0.534301
0.528994
0.568764
0.559865
0.529366
0.501041
0.544688
0.514937
0.558566
0.540962
0.507323
0.636079
0.532167
0.560935
0.511564
0.502604
0.586129
0.591548
0.515590
0.658635
0.503213
0.575424
0.500991
0.506271
0.543078
0.560002
0.508248
0.543714
0.546199
0.510277
0.509380
0.687183
0.644148
0.712194
0.574941
0.610652
0.724786
0.741669
0.822920
0.681157
0.878916
0.507585
0.564867
0.533147
0.514517
0.541737
0.520300
0.562478
0.640890
0.705608
0.764537
0.545020
0.594732
0.517164
0.715804
0.511712
0.527039
0.502568
0.678982
0.514632
0.593082
0.663053
0.600991
0.561036
0.523281
0.616242
0.536054
0.615782
0.527284
0.579219
0.549412
0.526051
0.551845
0.638848
0.592776
0.600030
0.689255
0.609032
0.737314
0.730398
0.726979
0.535227
0.506814
0.633535
0.549467
0.720845
0.585336
0.702555
0.563267
0.775919
0.568074
0.572219
0.601320
0.545826
0.540197
0.508409
0.539828
0.505529
0.701397
0.515354
0.581751
0.648150
0.634225
0.590579
0.790772
0.531329
0.754609
0.591402
0.870167
0.554162
0.580641
0.634674
0.531533
0.540286
0.530704
0.589025
0.543624
0.761876
0.569178
0.634187
0.531788
0.625320
