0.629093
0.565223
0.666559
0.565626
0.669159
0.536910
0.566867
0.554089
0.521569
0.623254
0.849462
0.578029
0.661353
0.518572
0.529142
0.777757
0.648189
0.619151
0.725515
0.792449
0.673399
0.790405
0.746334
0.703221
0.629523
0.584563
0.585661
0.613779
0.544739
0.731720
0.747225
0.876751
0.782045
0.614064
0.529897
0.764727
0.711383
0.733735
0.869737
0.591904
0.607521
0.588679
0.631306
0.617292
0.882208
0.645109
0.775817
0.508245
0.581998
0.696084
0.798590
0.600860
0.596554
0.798423
0.514801
0.531609
0.707608
0.653332
0.687464
0.583152
0.614752
0.715394
0.605000
0.749506
0.700374
0.709833
0.538769
0.612460
0.641935
0.640394
0.606591
0.914670
0.680990
0.502613
0.558218
0.661501
0.511638
0.726562
0.522684
0.622470
0.743961
0.596865
0.884336
0.555448
0.706262
0.610019
0.503371
0.608580
0.522087
0.521149
0.542074
0.751731
0.843548
0.553810
0.879971
0.746693
0.683876
0.614472
0.612529
0.621194
0.573846
0.801647
0.841441
0.594891
0.611728
0.732514
0.622864
0.885077
0.555291
0.881430
0.719421
0.774019
0.756717
0.542664
0.712472
0.620725
0.533725
0.631047
0.678681
0.754765
0.740670
0.600556
0.655303
0.668727
0.733022
0.698627
0.562642
0.891082
0.924353
0.510323
0.543426
0.563090
0.659464
0.696144
0.517606
0.598397
0.711590
0.553563
0.559646
0.572883
0.726679
0.735741
0.614299
0.756332
0.566819
0.715731
0.584503
0.650110
0.828997
0.692602
0.596722
0.696240
0.741282
0.577038
0.671593
0.692267
0.711080
0.592160
0.770912
0.648632
0.845924
0.592745
0.533464
0.728441
0.704017
0.697187
0.613346
0.602551
0.608221
0.878386
0.688038
0.658407
0.590342
0.639752
0.691544
0.587413
0.851135
0.812506
0.765110
0.898443
0.533079
0.879607
0.760510
0.669892
0.826439
0.657141
0.760613
0.593582
0.563464
0.683465
0.737767
0.639461
0.509839
0.704845
0.624956
0.758174
0.704802
0.842622
0.516614
0.594215
0.662102
0.673147
0.593110
0.585442
0.591764
0.582067
0.655260
0.640059
0.771924
0.699359
0.504185
0.554607
0.725841
0.713190
0.553553
0.642242
0.653172
0.818013
0.580581
0.652713
0.541296
0.670220
0.841937
0.617245
0.742670
0.652847
0.542235
0.685602
0.689152
0.540381
0.645731
0.680595
0.917215
0.692423
0.564324
0.737634
0.916610
0.670565
0.806305
0.670839
0.688306
0.614168
0.652362
0.708888
0.571939
0.671985
0.582119
0.632553
0.750554
0.503680
0.720102
0.798694
0.512777
0.663427
0.615953
0.549002
0.646656
0.663114
0.770814
0.824877
0.832517
0.632836
0.591314
0.624191
0.754234
0.546977
0.569680
0.571847
0.502720
0.718117
0.604993
0.827107
0.627861
0.696087
0.852712
0.612577
0.568021
0.513854
0.615982
0.574043
0.638365
0.548772
0.677136
0.624527
0.854266
0.540614
0.698266
0.590453
0.693651
0.722065
0.514511
0.634775
0.599217
0.878557
0.502007
0.644121
0.749466
0.548274
0.655777
0.639079
0.604702
0.563801
0.551982
0.662131
0.581201
0.667171
0.930113
0.800889
0.566988
0.507161
0.673801
0.565940
0.565295
0.538658
0.694244
0.889520
0.600352
0.858982
0.695546
0.540868
0.725573
0.516243
0.868353
0.590026
0.511297
0.604651
0.634064
0.690997
0.533167
0.689569
0.638670
0.580418
0.671517
0.669775
0.602258
0.873882
0.712490
0.646768
0.920934
0.556098
0.542561
0.535134
0.651316
0.706651
0.594591
0.568754
0.677235
0.573555
0.658702
0.790758
0.633127
0.809899
0.511764
0.519742
0.617527
0.908101
0.502411
0.565959
0.767767
0.624569
0.912824
0.528581
0.533545
0.654121
0.602691
0.584089
0.662396
0.689677
0.606042
0.718903
0.524575
0.621457
0.618228
0.554495
0.863418
0.735802
0.555544
0.628810
0.783709
0.837358
0.513627
0.681820
0.553185
0.878269
0.596818
0.797464
0.729580
0.698858
0.551743
0.712356
0.842782
0.687180
0.783906
0.593946
0.529043
0.629371
0.647989
0.778007
0.588929
0.583371
0.561429
0.730560
0.551793
0.755303
0.724051
0.586311
0.567553
0.645052
0.714032
0.688995
0.542983
0.610136
0.568717
0.505665
0.648772
0.585330
0.504819
0.561306
0.506007
0.670389
0.542447
0.641407
0.663021
0.682147
0.610648
0.542522
0.585232
0.632803
0.600261
0.653621
0.611655
0.735351
0.570659
0.756661
0.606979
0.639152
0.500207
0.593740
0.663896
0.516588
0.548524
0.539944
0.719690
0.737214
0.852824
0.920369
0.505884
0.850605
0.504368
0.634827
0.516705
0.519363
0.596564
0.585308
0.730948
0.730126
0.550817
0.741233
0.628522
0.632814
0.618420
0.553074
0.686611
0.773342
0.711075
0.586397
0.615973
0.660118
0.627491
0.652511
0.781550
0.518202
0.540248
0.526825
0.685806
0.830537
0.640780
0.536283
0.620119
0.654985
0.704480
0.602179
0.663705
0.639746
0.659726
0.837550
0.563782
0.777497
0.594137
0.926198
0.662366
0.543932
0.584082
0.504707
0.686510
0.610824
0.596046
0.547743
0.777020
0.549599
0.784608
0.725799
0.580312
0.594507
0.651821
0.666930
0.521757
0.511862
0.901283
0.806983
0.586875
0.800279
0.858600
0.626586
0.691703
0.832677
0.770269
0.663838
0.557501
0.745077
0.678902
0.750486
0.548189
0.715724
0.718622
0.576255
0.690032
0.536258
0.649956
0.544623
0.574419
0.601981
0.618498
0.841019
0.680877
0.574558
0.575863
0.528086
0.811180
0.502219
0.832362
0.625443
0.566853
0.513215
0.660767
0.584829
0.628184
0.619496
0.617281
0.786261
0.523921
0.847171
0.681112
0.594752
0.655307
0.777384
0.597650
0.547052
0.663258
0.618060
0.577821
0.658369
0.552371
0.811759
0.680011
0.801547
0.559862
0.518493
0.539329
0.881952
0.571654
0.548382
0.517900
0.682935
0.894107
0.759252
0.923772
0.774930
0.698361
0.649855
0.625903
0.577678
0.670119
0.632644
0.625392
0.533740
0.609595
0.614274
0.605416
0.592306
0.585163
0.844547
0.620612
0.839966
0.654982
0.624014
0.538846
0.567682
0.635574
0.575544
0.659311
0.626487
0.601510
0.689195
0.783555
0.549294
0.578080
0.544929
0.592312
0.707142
0.697072
0.528495
0.538793
0.589526
0.717277
0.731682
0.644813
0.723696
0.612207
0.571672
0.746616
0.590603
0.649915
0.529628
0.643082
0.739172
0.518378
0.663900
0.573299
0.552359
0.732736
0.589035
0.696234
0.515370
0.564828
0.523061
0.605120
0.773991
0.740730
0.822172
0.582889
0.652534
0.802669
0.780445
0.535091
0.718129
0.904905
0.695684
0.824250
0.580115
0.648580
0.590833
0.613951
0.550707
0.638416
0.537319
0.618661
0.745670
0.586721
0.754818
0.647358
0.751868
0.541684
0.510164
0.559366
0.685285
0.641148
0.531893
0.568474
0.775679
0.537946
0.720762
0.644409
0.877786
0.622621
0.838866
0.530347
0.527517
0.571421
0.550308
0.549308
0.743953
0.525404
0.836214
0.588919
0.830761
0.819118
0.519788
0.519196
0.516224
0.691940
0.688325
0.652894
0.691604
0.709411
0.772270
0.640595
0.576292
0.817651
0.724800
0.711551
0.565757
0.510491
0.567326
0.596166
0.794707
0.853787
0.795705
0.716189
0.648375
0.840796
0.605174
0.571755
0.714476
0.794544
0.504705
0.524040
0.516901
0.677018
0.637397
0.553030
0.881671
0.732046
0.635230
0.759053
0.584126
0.558229
0.586560
0.634120
0.589627
0.656049
0.547337
0.730079
0.880747
0.602073
0.787378
0.539622
0.504826
0.534996
0.544984
0.807894
0.601036
0.835128
0.527304
0.623690
0.564603
0.549815
0.526202
0.599610
0.694827
0.750746
0.572294
0.828094
0.660875
0.649949
0.789075
0.896427
0.638315
0.534118
0.621995
0.628916
0.684622
0.879466
0.505960
0.665105
0.625182
0.815216
0.531084
