0.734172
0.535478
0.729704
0.584501
0.711946
0.764478
0.511427
0.571007
0.791881
0.756622
0.534882
0.682998
0.577419
0.507037
0.733360
0.565249
0.539374
0.648301
0.521017
0.690338
0.808356
0.710061
0.522945
0.740364
0.875398
0.511306
0.561409
0.818152
0.648496
0.587251
0.829041
0.716190
0.542648
0.538129
0.593796
0.683825
0.906184
0.598275
0.615539
0.691482
0.647364
0.735450
0.582718
0.722913
0.516380
0.721000
0.647817
0.769197
0.565265
0.605514
0.631380
0.975191
0.519501
0.811225
0.555613
0.809545
0.654379
0.720982
0.690091
0.971183
0.966235
0.500826
0.525644
0.892165
0.748677
0.791961
0.614840
0.733338
0.937760
0.951459
0.675882
0.588980
0.690000
0.526522
0.517420
0.639357
0.687544
0.620205
0.659091
0.588001
0.594538
0.655790
0.661348
0.633950
0.628180
0.636334
0.873397
0.835180
0.730991
0.769714
0.708859
0.585944
0.569872
0.518539
0.611738
0.661164
0.947248
0.824023
0.743507
0.503281
0.720633
0.673596
0.803852
0.696055
0.627397
0.589491
0.681429
0.554172
0.624516
0.682989
0.918760
0.815543
0.568878
0.534636
0.693662
0.960016
0.897522
0.675800
0.755288
0.913784
0.907575
0.553104
0.553410
0.802913
0.770763
0.925730
0.801319
0.913031
0.677850
0.514422
0.811225
0.866116
0.782859
0.899701
0.753169
0.962491
0.716497
0.562034
0.515146
0.713715
0.526564
0.918376
0.550256
0.546576
0.794553
0.569106
0.605212
0.759953
0.799455
0.644362
0.905078
0.806136
0.928539
0.745256
0.612728
0.505594
0.573077
0.672089
0.847471
0.575807
0.581030
0.533129
0.542148
0.778599
0.572722
0.744329
0.602619
0.666681
0.903334
0.509220
0.938465
0.606669
