0.592027
0.606533
0.543725
0.891014
0.884928
0.910151
0.574446
0.693491
0.531900
0.825249
0.893946
0.839370
0.566376
0.718503
0.842152
0.549435
0.523518
0.588107
0.550477
0.596323
0.801264
0.598149
0.933141
0.997779
0.594142
0.784922
0.776116
0.861810
0.890521
0.648148
0.974063
0.602716
0.884072
0.937362
0.878706
0.851392
0.858631
0.814313
0.872109
0.646621
0.855335
0.508264
0.611527
0.866806
0.697445
0.814768
0.972596
0.770693
0.845132
0.623222
0.938304
0.831122
0.559771
0.794010
0.703759
0.593091
0.852755
0.721769
0.925614
0.649702
0.705752
0.822408
0.628863
0.628401
0.967570
0.583173
0.867176
0.756567
0.522020
0.508284
0.683511
0.653868
0.565799
0.611420
0.841239
0.908814
0.711604
0.891020
0.853249
0.583799
0.813946
0.760213
0.859980
0.879216
0.544411
0.636910
0.524755
0.827535
0.619050
0.974050
0.983182
0.898616
0.560754
0.789580
0.899228
0.761329
0.626767
0.822319
0.874178
0.945433
0.878031
0.875244
0.758104
0.990578
0.533057
0.826991
0.821615
0.660724
0.609127
0.855852
0.818693
0.947207
0.714429
0.706010
0.628372
0.800364
0.767008
0.573521
0.808819
0.685633
0.916674
0.880263
0.735340
0.984995
0.565944
0.987235
0.666907
0.586876
0.714171
0.619402
0.777950
0.861363
0.766876
0.769489
0.696701
0.561596
0.685144
0.561405
0.578270
0.877123
0.733059
0.812509
0.565571
0.579370
0.722796
0.850740
0.548548
0.582311
0.533797
0.618074
0.710894
0.945704
0.829184
0.737989
0.649285
0.932693
0.994588
0.687613
0.910571
0.571234
0.861218
0.588829
0.745937
0.673617
0.731190
0.762262
0.570971
0.870347
0.589894
0.686282
0.581353
0.577098
0.689748
0.634311
0.769156
0.592754
0.820777
0.514935
0.665326
0.538992
0.570662
0.967295
0.774276
0.851525
0.586141
0.776258
0.958514
0.551875
0.715138
0.539241
0.602623
0.575479
0.927477
0.632087
0.717901
0.641104
0.741135
0.689250
0.698134
0.531871
0.562808
0.712734
0.651234
0.778610
0.695483
0.516383
0.868988
0.729528
0.780617
0.753086
0.861396
0.587838
