0.801482
0.793082
0.989546
0.985213
0.846663
0.996228
0.988800
0.744870
0.854570
0.902984
0.942920
0.999564
0.954864
0.975161
0.999981
0.925842
0.996180
0.990959
0.933622
0.993868
0.528188
0.994565
0.857286
0.759906
0.900183
0.999040
0.951104
0.988063
0.950623
0.995385
0.815475
0.848058
0.996615
0.912079
0.999910
0.999376
0.977664
0.997138
0.796659
0.983581
0.982860
0.992981
0.848871
0.993959
0.999702
0.941005
0.884900
0.835031
0.994489
0.945229
0.994716
0.524710
0.958661
0.827430
0.996999
0.734605
0.997649
0.615573
0.951726
0.982204
0.912229
0.966386
0.843697
0.998844
0.932508
0.789740
0.997197
0.981104
0.760730
0.998159
0.924337
0.962406
0.990050
0.992555
0.611018
0.993571
0.994180
0.999416
0.997816
0.939756
0.825177
0.994578
0.928046
0.937717
0.771050
0.945922
0.998688
0.974726
0.902971
0.998405
0.847846
0.911750
0.989775
0.988294
0.993746
0.997481
0.986820
0.956290
0.995423
0.971871
0.963840
0.994644
0.985382
0.704078
0.977818
0.941053
0.556488
0.999484
0.979782
0.990458
0.987502
0.997710
0.814747
0.985173
0.526579
0.842431
0.941429
0.999623
0.962682
0.706267
0.817173
0.818947
0.852247
0.997274
0.789188
0.987927
0.995849
0.615229
0.921803
0.994344
0.998517
0.957769
0.965400
0.519491
0.529875
0.835456
0.995016
0.991417
0.992113
0.996122
0.997945
0.938649
0.997683
0.948697
0.998526
0.989671
0.830722
0.993252
0.987566
0.955235
0.999626
0.941365
0.750829
0.995548
0.986392
0.989782
0.824537
0.900926
0.995574
0.973798
0.996115
0.972180
0.906785
0.976907
0.998853
0.962403
0.920799
0.821926
0.973932
0.996895
0.542999
0.997092
0.999952
0.941095
0.998796
0.999859
0.999254
0.961632
0.994993
0.987977
0.994996
0.903349
0.590119
0.765196
0.999579
0.995110
0.944229
0.996607
0.987049
0.996447
0.999777
0.987835
0.724664
0.979565
0.983377
0.980372
0.958682
0.746128
0.762931
0.866562
0.943354
0.678185
0.994386
0.990971
0.888879
0.970103
0.998385
0.615106
0.940110
0.999517
0.979090
0.929690
0.997463
0.998448
0.825732
0.997028
0.997582
0.963614
0.990774
0.984659
0.968888
0.998255
0.867824
0.671702
0.979026
0.994737
0.866710
0.985008
0.995738
0.983092
0.898652
0.992858
0.997707
0.962276
0.667113
0.995788
0.714400
0.978181
0.696045
0.995884
0.996654
0.996172
0.970172
0.874245
0.998201
0.962986
0.975921
0.974607
1.000000
0.873053
0.975451
0.990012
0.590132
0.888197
0.971339
0.839752
1.000000
0.967609
0.964360
0.986552
0.881105
0.821958
0.849503
0.988447
0.986416
0.994172
0.993014
0.960762
0.715240
0.999424
0.735552
0.997782
0.877025
0.999456
0.979162
0.983277
0.582147
0.968012
0.999735
0.861464
0.973991
0.929134
0.873072
0.964913
0.976892
0.999904
0.974451
0.932092
0.911099
0.998915
0.977466
0.549320
0.986471
0.910343
0.985420
0.574999
0.997011
0.996156
0.958435
0.997262
0.747246
0.992161
0.977942
0.716061
0.980846
0.958219
0.633924
0.999454
0.665701
0.965443
0.986719
0.971103
0.870528
0.815699
0.957324
0.907097
0.899111
0.601331
0.832267
0.999462
0.979665
0.971204
0.999994
0.903343
0.925790
0.928878
0.991249
0.696859
0.921966
0.918592
0.998667
0.723095
0.995638
0.999034
0.991543
0.989204
0.950658
0.997717
0.918508
0.638471
0.977700
0.895684
0.998716
0.999992
0.669514
0.936287
0.949134
0.962171
0.858271
0.778460
0.942031
0.996889
0.988459
0.929840
0.997356
0.999243
0.989114
0.943937
0.941959
0.978380
0.908688
0.996710
0.998639
0.999790
0.999956
0.994962
0.948606
0.995958
0.995107
0.974856
0.996735
0.963176
0.931097
0.944465
0.995688
0.999818
0.998445
0.921025
0.746645
0.969275
0.859494
0.968013
0.996315
0.899644
0.789349
0.500935
0.997926
0.966126
0.996383
0.975092
0.949968
0.966115
0.646468
0.982258
0.867064
0.629845
0.991139
0.650376
0.825699
0.960294
0.802072
0.568886
0.972808
0.655494
0.871250
0.747605
0.985410
0.949904
0.999991
0.846734
0.980863
0.932673
0.982766
0.937850
0.807014
0.988985
0.983010
0.996167
0.996452
0.999749
0.999587
0.992653
0.767360
0.998312
0.996129
0.770728
0.984961
0.815342
0.999133
0.835895
0.962080
0.577764
0.870341
0.996149
0.764608
0.959242
0.771118
0.992035
0.822272
0.998292
0.953001
0.983872
0.959720
0.999257
0.972144
0.999848
0.979999
0.999564
0.613453
0.982334
0.901305
0.808083
0.989060
0.902611
0.999891
0.936003
0.996850
0.818553
0.993978
0.985043
0.925450
0.831918
0.914443
0.803252
0.997011
0.997958
0.998959
0.982247
0.780529
0.998210
0.969992
0.860044
0.991811
0.921035
0.996540
0.527948
0.971761
0.995386
0.999756
0.944030
0.995726
0.999995
0.673377
0.941080
0.995464
0.999715
0.791672
0.998974
0.945656
0.999968
0.975431
0.956996
0.685783
0.954316
0.985158
0.944065
0.982867
0.995807
0.994404
0.830417
0.971139
0.680495
0.993244
0.895759
0.968768
0.877893
0.990303
0.991459
0.979904
0.986197
0.999106
0.995778
0.992295
0.832310
0.779667
0.853868
0.520818
0.931787
0.724573
0.950970
0.897012
0.905160
0.962107
0.596739
0.898693
0.958888
0.997945
0.997543
0.997616
0.978929
0.537727
0.978696
0.952932
0.975180
0.972998
0.898383
0.999824
0.976325
0.730709
0.897297
0.554601
0.972678
0.732114
0.993852
0.961042
0.846797
0.737619
0.635750
0.990186
0.999254
0.952231
0.999470
0.999977
0.930269
0.987159
0.995047
0.986813
0.992291
0.997323
0.978523
0.668619
0.942332
0.991865
0.999248
0.901825
0.991506
0.988589
0.999732
0.963603
0.683660
0.959980
0.934388
0.687537
0.996576
0.999391
0.553740
0.997952
0.991473
0.999969
0.871043
0.906886
0.996251
0.676787
0.747966
0.912640
0.923672
0.822578
0.859061
0.999482
0.999564
0.926789
0.998801
0.900149
0.602964
0.598061
0.982903
0.744867
0.994419
0.876850
0.999823
0.978686
0.952378
0.974271
0.932295
0.549572
0.947895
0.999863
0.990917
0.642841
0.634502
0.999995
0.992977
0.998449
0.791427
0.674604
0.941490
0.997973
0.993329
0.972032
0.999978
0.936304
0.838085
0.983674
0.999913
0.978077
0.993068
0.999856
0.999830
0.956438
0.971904
0.998938
0.990407
0.999698
0.990155
0.983923
0.814762
0.998508
0.997715
0.995285
0.998479
0.690345
0.859796
0.990117
0.985857
0.989008
0.940419
0.971429
0.913328
0.999889
0.598452
0.577803
0.997593
0.997326
0.713205
0.998691
0.640522
0.968141
0.994771
0.520045
0.883928
0.998874
0.999995
0.999998
0.989846
0.998796
0.872599
0.773329
0.631670
0.654237
0.966346
0.991818
0.998786
0.999589
0.940274
0.974889
0.999934
0.999354
0.930631
0.993416
0.998474
0.999989
0.999090
0.998634
0.703013
0.859249
0.988566
0.940794
0.935083
0.952525
0.999896
0.992392
0.934057
0.940430
0.730944
0.794198
0.878768
0.741014
0.980641
0.999998
0.982244
0.999095
0.800198
0.999307
0.988848
0.988168
0.555431
0.999757
0.735532
0.972546
0.883670
0.605360
0.500937
0.938073
0.991923
0.989271
0.857891
0.850354
0.999065
0.998538
0.999129
0.999983
0.979078
0.999684
0.867684
0.998310
0.999537
0.999996
0.722303
0.891214
1.000000
0.999803
0.999576
0.989004
0.790838
0.915400
0.970765
0.998632
0.999970
0.843926
0.988857
0.994944
0.997023
0.862231
0.999119
0.999937
0.864920
0.519928
0.714720
0.993620
0.751611
0.999851
0.772956
0.875022
0.984707
0.867769
0.999646
0.966472
0.990935
0.620577
0.774827
0.989758
0.997919
0.740838
0.790973
0.961604
0.999808
0.774131
0.998985
