0.858257
0.546939
0.559695
0.773072
0.623442
0.892495
0.583890
0.777905
0.623643
0.590003
0.886371
0.520463
0.843322
0.579447
0.574436
0.809911
0.770754
0.764399
0.986242
0.894241
0.812319
0.937916
0.717479
0.777343
0.585490
0.751051
0.670646
0.910526
0.576910
0.912383
0.687585
0.971542
0.541261
0.525455
0.540054
0.540059
0.815267
0.641736
0.947159
0.980357
0.564197
0.710825
0.510225
0.831632
0.663780
0.942780
0.861647
0.500121
0.523389
0.779312
0.594939
0.898993
0.643724
0.884637
0.548122
0.538823
0.600632
0.868787
0.955090
0.589942
0.880485
0.637586
0.633508
0.666586
0.871664
0.618644
0.992145
0.535469
0.842240
0.610039
0.579969
0.519713
0.582782
0.548878
0.996068
0.723685
0.580706
0.634231
0.772182
0.892026
0.951500
0.590552
0.611937
0.860322
0.610072
0.879694
0.885155
0.615039
0.907992
0.619276
0.690675
0.514580
0.563217
0.716118
0.605508
0.515770
0.941306
0.792402
0.580346
0.905844
0.669556
0.947424
0.704263
0.603630
0.869959
0.770389
0.638511
0.775189
0.813233
0.776931
0.887954
0.639287
0.996124
0.601749
0.672691
0.939214
0.671947
0.868014
0.787850
0.863281
0.565184
0.846594
0.721126
0.735092
0.655503
0.699728
0.729734
0.706279
0.843561
0.826913
0.915567
0.991275
0.757730
0.614249
0.785880
0.955541
0.785897
0.540769
0.687484
0.568270
0.542600
0.563177
0.506824
0.758459
0.862432
0.969545
0.956433
0.924197
0.713002
0.518762
0.761062
0.604414
0.649439
0.586890
0.868674
0.746234
0.904947
0.523750
0.599944
0.909967
0.594546
0.893125
0.951701
0.861936
0.909453
0.673850
0.929314
0.526118
0.612149
0.889255
0.794094
0.759073
0.765523
0.896044
0.777067
0.916514
0.538537
0.640041
0.711981
0.531633
0.981157
0.912447
0.878043
0.990920
0.915772
0.981241
0.688467
0.912948
0.730919
0.792317
0.798058
0.561772
0.816878
0.507654
0.982603
0.765248
0.721871
0.725502
0.915397
0.722836
0.844657
0.724978
0.769003
0.547258
0.780010
0.773484
0.576298
0.525923
0.630380
0.667734
0.771174
0.935298
0.818868
0.918642
0.702662
0.823095
0.625971
0.883279
0.564073
0.777752
0.788695
0.959412
0.847143
0.613704
0.689484
0.955270
0.587884
0.643017
0.884297
0.526318
0.553923
0.555743
0.714078
0.689273
0.691113
0.986824
0.522872
0.724335
0.900632
0.925977
0.769227
0.889950
0.628858
0.913286
0.655508
0.645019
0.605115
0.760079
0.544993
0.820609
0.765329
0.662558
0.621593
0.567505
0.834087
0.925178
0.711773
0.723300
0.784310
0.748777
0.764498
0.715989
0.688141
0.536427
0.960251
0.779344
0.558118
0.877637
0.584461
0.696253
0.748573
0.755113
0.513752
0.768366
0.689792
0.985664
0.733082
0.616081
0.982970
0.738280
0.607882
0.697608
0.564115
0.806913
0.805701
0.813979
0.719781
0.798733
0.959919
0.915366
0.522085
0.644795
0.975951
0.576372
0.650921
0.721016
0.916419
0.894144
0.776579
0.789208
0.779047
0.751830
0.764930
0.828951
0.504830
0.569491
0.865555
0.500967
0.526120
0.770521
0.993134
0.790102
0.737375
0.557230
0.837087
0.523952
0.547263
0.563212
0.582397
0.967748
0.780910
0.642461
0.815818
0.592089
0.785707
0.706978
0.505067
0.911633
0.535722
0.788211
0.509322
0.956340
0.584066
0.553354
0.850919
0.909034
0.769714
0.546725
0.943032
0.765659
0.733791
0.977034
0.512977
0.536250
0.687295
0.896497
0.727602
0.617814
0.617781
0.766452
0.825152
0.952727
0.842314
0.515071
0.988180
0.673335
0.811494
0.962328
0.732314
0.553992
0.525012
0.520939
0.769487
0.594821
0.964031
0.593650
0.594311
0.813812
0.721826
0.561253
0.765240
0.749914
0.556865
0.512182
0.534283
0.608930
0.610704
0.569824
0.861014
0.900702
0.541386
0.650994
0.588136
0.936273
0.726380
0.559001
0.572912
0.987061
0.823553
0.914488
0.974150
0.843704
0.596997
0.820688
0.764540
0.799999
0.897035
0.575735
0.663285
0.543716
0.850458
0.576280
0.844653
0.641918
0.736421
0.679607
0.669715
0.945766
0.872291
0.600201
0.551331
0.605647
0.765511
0.686083
0.676745
0.561174
0.602563
0.550004
0.541596
0.515735
0.556065
0.542933
0.742136
0.551678
0.944817
0.500787
0.588211
0.982304
0.800970
0.892079
0.624170
0.666477
0.766843
0.554018
0.706849
0.674955
0.565290
0.606181
0.620366
0.730887
0.565294
0.616100
0.640174
0.629281
0.742297
0.688835
0.858688
0.812933
0.990281
0.920239
0.571881
0.655221
0.726868
0.747192
0.512643
0.864842
0.811317
0.733063
0.771151
0.812801
0.746753
0.699476
0.554267
0.627368
0.572040
0.500218
0.832229
0.898331
0.572991
0.552401
0.707904
0.861701
0.539039
0.575376
0.561342
0.934790
0.651924
0.532480
0.749851
0.701477
0.662708
0.957766
0.733181
0.809101
0.666458
0.684640
0.765044
0.564781
0.680511
0.595148
0.556634
0.736896
0.859377
0.969947
0.583498
0.830829
0.696957
0.994349
0.710578
0.621525
0.533548
0.905123
0.770459
0.629413
0.968476
0.753409
0.756165
0.517932
0.618810
0.900213
0.862898
0.827379
0.597141
0.679104
0.963815
0.955170
0.764632
0.769689
0.899471
0.504967
0.736474
0.915861
0.945137
0.638872
0.651229
0.801115
0.616701
0.781890
0.781905
0.864440
0.753005
0.765642
0.531403
0.702646
0.895255
0.555534
0.789979
0.744844
0.663404
0.748787
0.536747
0.781411
0.552781
0.934057
0.763652
0.597674
0.770055
0.633744
0.814241
0.540885
0.957015
0.609396
0.516851
0.888829
0.731318
0.733214
0.663663
0.765975
0.715462
0.538599
0.502893
0.888365
0.684763
0.777461
0.618599
0.946445
0.566219
0.777622
0.933646
0.527672
0.567474
0.974442
0.694175
0.772086
0.544445
0.674892
0.771058
0.952294
0.809383
0.993870
0.948092
0.726529
0.771048
0.898161
0.769826
0.629665
0.928951
0.829985
0.713535
0.746794
0.696886
0.581440
0.865133
0.602295
0.923528
0.571311
0.550012
0.959210
0.515418
0.508947
0.912706
0.551975
0.725365
0.628037
0.548345
0.611139
0.524538
0.606693
0.644372
0.542066
0.556269
0.582590
0.590752
0.531182
0.553003
0.548337
0.655131
0.630113
0.654397
0.543311
0.552856
0.620495
0.572513
0.508929
0.634736
0.549445
0.526427
0.650273
0.622795
0.625823
0.542002
0.663830
0.569153
0.580954
0.632965
0.644714
0.570294
0.587382
0.559784
0.562461
0.516671
0.504733
0.532568
0.711510
0.583164
0.678545
0.565296
0.638915
0.567769
0.706043
0.682239
0.520765
0.662183
0.723839
0.555951
0.596262
0.587069
0.715145
0.553337
0.855279
0.521698
0.625105
0.654545
0.702309
0.518269
0.717489
0.525301
0.534314
0.596300
0.689814
0.594703
0.529848
0.545122
0.618028
0.563313
0.624774
0.538753
0.568558
0.634451
0.556170
0.618164
0.597199
0.697385
0.771224
0.582988
0.610384
0.565528
0.528344
0.600048
0.507286
0.713285
0.569266
0.555410
0.694668
0.730044
0.519633
0.621711
0.573372
0.646526
0.652508
0.668652
0.739701
0.662386
0.587240
0.603128
0.657511
0.797044
0.613161
0.581578
0.605770
0.661397
0.646041
0.510625
0.662072
0.641349
0.681747
0.817869
0.542213
0.661034
0.603460
0.562449
0.624321
0.689767
0.607178
0.553276
0.548772
0.537240
0.644325
0.554530
0.579433
0.746960
0.784106
0.693858
0.627395
0.510375
0.754023
0.504420
0.664472
0.505826
0.550016
0.791224
0.683461
0.706262
0.527246
0.631629
0.672034
0.580288
0.609095
0.552580
0.593266
0.576454
0.729420
0.595230
0.626430
0.619560
0.566687
0.624581
0.729140
0.688433
0.772670
0.600590
0.624892
0.635434
0.585400
0.600911
0.582714
0.736559
0.544093
0.593653
0.562452
0.602815
0.580457
0.641932
0.581876
0.519875
0.578872
0.559902
0.597824
0.773648
0.563338
