0.506702
0.545650
0.692553
0.509310
0.517769
0.701384
0.675284
0.538560
0.509911
0.643636
0.536584
0.558730
0.526680
0.515989
0.646905
0.609124
0.560602
0.619156
0.694287
0.515141
0.662518
0.595099
0.628850
0.653479
0.503334
0.501952
0.571432
0.517840
0.536386
0.567673
0.617259
0.661447
0.646876
0.724598
0.606594
0.502715
0.570824
0.515340
0.564842
0.561996
0.528345
0.576907
0.571978
0.527901
0.577761
0.667666
0.569117
0.706122
0.512156
0.641947
0.519506
0.627602
0.563078
0.502228
0.730489
0.699690
0.567235
0.506722
0.524308
0.691261
0.701485
0.502190
0.637268
0.532521
0.534878
0.545071
0.543902
0.603418
0.502434
0.597385
0.557463
0.537077
0.523721
0.506346
0.544372
0.521774
0.528278
0.542631
0.603637
0.590057
0.714920
0.537094
0.770836
0.524930
0.509180
0.665067
0.592160
0.511454
0.509826
0.523195
0.528089
0.643944
0.530824
0.513151
0.531952
0.563017
0.677060
0.575733
0.759877
0.678313
0.562263
0.519650
0.546126
0.515468
0.582005
0.546811
0.594148
0.513699
0.571446
0.666027
0.609683
0.508215
0.624814
0.582861
0.596450
0.535389
0.589900
0.661528
0.721915
0.736233
0.636270
0.595912
0.612914
0.650082
0.636789
0.550686
0.518405
0.669919
0.659891
0.528611
0.603400
0.626351
0.689541
0.541215
0.556485
0.548005
0.567842
0.547111
0.504449
0.668606
0.510535
0.618723
0.623336
0.544007
0.560268
0.505795
0.583855
0.536572
0.568318
0.531459
0.626780
0.654564
0.547266
0.513467
0.518942
0.509770
0.502983
0.600714
0.661719
0.507913
0.530814
0.666876
0.544312
0.534792
0.664522
0.590188
0.531965
0.562169
0.628017
0.695757
0.599074
0.584696
0.590190
0.607835
0.668033
0.585094
0.513375
0.529600
0.507322
0.595646
0.567664
0.683479
0.598313
0.528208
0.651721
0.544606
0.724299
0.514273
0.586325
0.516565
0.615557
0.680062
0.558791
0.540265
0.607212
0.527706
0.605293
0.725618
0.635070
0.583151
0.638710
0.535557
0.602603
0.528500
0.651191
0.626677
0.524487
0.540248
0.600766
