0.604437
0.724627
0.996852
0.957826
0.874520
0.643477
0.581549
0.826007
0.990262
0.502101
0.584957
0.521570
0.755530
0.803252
0.913343
0.612245
0.957817
0.739947
0.545019
0.570118
0.956650
0.999355
0.858617
0.634991
0.532267
0.507430
0.691498
0.913402
0.942457
0.703574
0.886876
0.998221
0.549610
0.987207
0.926035
0.999870
0.718027
0.918416
0.845306
0.916250
0.852925
0.629646
0.668195
0.524005
0.525651
0.859050
0.984967
0.714597
0.991429
0.845464
0.729700
0.542282
0.876588
0.928532
0.512869
0.567093
0.964351
0.924429
0.534999
0.878577
0.534997
0.676283
0.847402
0.668435
0.966538
0.501256
0.611306
0.778579
0.779766
0.900058
0.541888
0.522333
0.987150
0.805387
0.653376
0.598717
0.736462
0.785288
0.755894
0.700991
0.925995
0.942721
0.881910
0.816297
0.852402
0.859083
0.783972
0.646910
0.860516
0.879987
0.660743
0.988801
0.774302
0.515866
0.648449
0.567018
0.991990
0.573656
0.742059
0.589406
0.936010
0.652557
0.980327
0.543740
0.758427
0.794516
0.601278
0.901526
0.567211
0.655670
0.819088
0.942728
0.606596
0.974304
0.687769
0.895713
0.743131
0.746360
0.568452
0.848646
0.926143
0.761738
0.777907
0.543730
0.678255
0.975121
0.520067
0.712384
0.792919
0.872987
0.949555
0.595847
0.989451
0.690561
0.967966
0.684544
0.621675
0.643821
0.746150
0.746180
0.809354
0.588528
0.709325
0.553231
0.868481
0.621112
0.581117
0.996388
0.692642
0.834334
0.529466
0.589228
0.770620
0.685920
0.606412
0.903716
0.547767
0.985865
0.560655
0.827077
0.713700
0.628240
0.821493
0.628471
0.864252
0.972515
0.584473
0.947091
0.962807
0.779250
0.715988
0.846632
0.608011
0.673521
0.863381
0.622300
0.771215
0.507037
0.958175
0.759002
0.766691
0.583976
0.973063
0.987572
0.909123
0.520402
0.577412
0.821650
0.556971
0.795226
0.956270
0.683923
0.877886
0.779728
0.667166
0.657767
0.736570
0.761427
