0.538215
0.743529
0.528763
0.522548
0.943251
0.999999
0.943380
0.502384
0.682203
0.531737
0.728152
0.624240
0.584570
0.585292
0.907449
0.932714
0.705633
0.751606
0.696738
0.896281
0.846878
0.999837
0.785632
0.529922
0.596435
0.778418
0.998792
0.810746
0.702838
0.757342
0.727039
0.780155
0.794366
0.682014
0.506695
0.998843
0.999998
0.518414
0.786938
0.869974
0.999646
0.999004
0.757294
0.998334
0.769865
0.613634
0.987622
0.623693
0.995573
0.813954
0.713968
0.581257
0.543625
1.000000
0.589842
0.542899
0.531618
0.998042
0.767223
0.813341
0.983216
0.607212
0.837028
0.550997
0.547654
0.519110
0.557736
0.617688
0.848073
0.596728
0.769626
0.620058
0.518601
0.502074
0.525047
0.919793
0.566184
0.517606
0.633967
0.501747
0.836919
0.536212
0.933472
0.803517
0.708924
0.891889
0.977480
0.784035
0.743171
0.938498
0.882499
0.845875
0.959949
0.515421
0.832484
0.547193
0.789111
0.752071
0.622093
0.542413
0.503032
0.997340
0.645755
0.700852
0.976191
0.883355
0.698745
0.999913
1.000000
0.977757
0.981004
0.995711
0.685310
0.996938
0.813769
0.918050
0.552284
0.944633
0.657946
0.998266
0.933386
0.943941
0.683050
0.994435
0.941777
0.992676
0.847481
0.514804
0.997706
0.858592
0.947587
0.691255
0.690754
0.959080
0.973103
0.624400
0.804411
0.936805
0.512269
0.679014
0.597730
0.766965
0.677583
0.799584
0.600920
0.908274
0.734135
0.527874
0.663501
1.000000
0.934501
1.000000
0.502723
0.764938
0.754951
0.999975
0.650282
0.962265
0.666299
0.827120
0.998231
0.980453
0.546876
0.999985
0.687342
0.992847
0.502313
0.999969
0.999960
0.965896
0.829265
0.995434
0.899404
0.685701
0.824267
0.994484
0.999904
0.966675
0.999911
0.696028
0.923194
