0.996163
0.983936
0.973875
0.999196
0.998076
0.999835
0.999263
0.996592
0.965649
0.979975
0.999364
0.699307
0.952566
0.996849
0.999944
0.999994
0.999773
0.999999
0.999100
0.999493
0.999993
0.999978
0.973133
0.987947
0.998392
0.996567
0.999873
0.956311
0.999958
0.999845
0.999830
0.997540
0.597913
0.999999
0.999990
1.000000
0.999912
0.948403
0.989468
0.889711
0.935412
0.998918
0.975747
0.999940
0.994676
0.957180
0.765794
0.999778
0.999833
0.998034
0.995195
0.999892
0.999993
0.997216
0.999698
0.999461
0.993106
0.917817
0.999539
0.995888
0.999999
0.999785
0.967444
0.932615
0.980583
0.991446
0.988141
0.976463
0.999996
0.989846
0.915903
0.994390
0.992859
0.655601
0.999559
0.943845
0.999646
0.884032
0.999844
0.999266
0.970113
0.999854
0.999971
0.999976
0.999899
0.998574
0.809143
0.989773
0.967655
0.850610
0.999862
0.991998
0.996820
0.999962
0.998229
0.999770
0.999928
0.998237
0.998868
0.999998
0.998975
0.967055
0.999704
0.999706
0.975784
0.998080
0.999987
0.999689
0.999991
0.998047
0.999999
0.982669
0.999887
0.998861
0.996640
0.998919
0.999511
0.966093
0.991293
0.999475
0.998446
0.999819
0.999324
0.998559
0.997951
0.973054
1.000000
0.999998
0.999962
0.834044
1.000000
0.998673
0.999417
0.999921
0.999878
0.696881
0.999318
0.999991
0.998716
0.889571
0.992248
0.999776
0.999909
0.999968
0.999413
0.973436
0.999958
0.874137
0.979349
0.999979
0.989247
0.997769
0.999995
0.999327
0.997134
0.996002
0.999917
0.999002
0.999531
0.998563
0.998910
0.999930
0.998104
0.997044
0.983491
0.866906
0.997019
0.960969
0.966742
0.975334
0.934976
0.870066
0.985419
0.998661
0.999804
0.977728
0.997048
0.994463
0.573417
1.000000
0.997655
0.999999
0.999963
0.999938
0.999989
0.999968
0.999968
0.999946
0.999841
0.992155
0.999999
0.998775
1.000000
0.992426
0.990702
0.999683
0.938579
0.999859
0.999846
0.992170
0.999978
0.993856
0.979978
0.998394
0.999024
0.973570
0.851555
0.998420
0.997892
0.999923
0.999361
0.999632
0.998863
0.999718
0.999662
0.685392
0.994069
0.972895
0.999228
0.999763
0.999865
0.995821
0.995125
0.999733
0.999961
0.995349
0.997838
1.000000
0.956781
0.999982
0.994451
0.991394
0.990599
0.985195
0.999995
0.998760
0.999610
0.890511
0.999940
1.000000
0.949632
0.999735
0.999979
0.999150
0.996030
0.993295
0.999814
0.545783
0.999814
0.991117
0.574791
0.990861
0.999462
0.803375
0.994261
0.974540
0.996085
0.999415
0.999644
0.999876
0.999993
0.991407
0.996296
0.999281
0.960738
0.998364
0.572635
0.995305
0.813498
0.997207
0.847649
0.998921
0.997254
1.000000
0.948735
0.628639
0.601951
0.998808
0.999644
0.994167
0.998187
0.997901
0.970165
0.999999
0.998402
0.999653
0.990881
0.839540
0.641676
0.999996
0.999818
0.808411
0.985375
0.999928
0.999995
0.999521
0.998762
0.999082
0.999740
0.995580
0.998439
0.965370
0.999760
0.999856
0.999625
0.999346
0.996925
0.999845
0.694556
0.997811
1.000000
0.999937
1.000000
0.996856
0.953802
0.747697
0.998453
0.999941
0.999968
0.998924
0.999985
0.999742
0.998624
0.997977
0.999494
0.999948
0.987201
0.987914
0.999422
0.999912
0.961413
0.559389
0.518392
0.998594
0.525837
0.999946
0.999931
0.999335
0.901951
0.941997
0.999884
0.998650
0.998661
0.999999
0.983303
0.921082
0.998684
0.999838
0.889437
0.999687
0.928505
0.957771
0.758147
0.954865
0.999994
0.999998
0.898957
0.999782
1.000000
0.996456
0.514795
0.528216
0.780230
0.620102
0.986563
0.983444
0.999961
0.985401
0.959683
0.998879
0.980953
0.968401
0.999281
0.993833
0.998345
0.802671
0.999640
0.981639
0.758645
0.913151
0.999962
0.999403
0.992067
0.998961
0.995070
0.999991
0.999807
0.980525
0.999970
0.999529
0.999968
1.000000
0.999984
0.989823
0.999994
0.999983
0.999694
0.999432
0.931175
0.989831
0.996024
0.998883
0.998972
0.533317
0.999522
0.999772
0.956568
0.677460
0.999994
0.999928
0.852070
0.903255
0.934138
0.997016
0.999843
0.999011
1.000000
0.999242
0.908882
0.985256
0.999778
0.856323
0.992459
0.983344
0.990811
0.999987
0.999731
0.999998
0.978924
0.984275
0.999966
0.986561
0.966728
0.966748
0.828464
0.999226
0.998975
0.997227
0.966282
0.999997
0.959446
0.999420
0.986478
0.961342
0.999590
0.979833
0.999913
0.999891
0.999985
0.999993
0.999857
0.948691
0.999920
0.998733
0.588558
0.999366
0.997941
0.676478
0.997879
0.999618
0.946614
0.985222
0.994315
0.994437
0.983967
0.999772
0.999950
0.679167
0.994219
0.996958
0.997765
0.986353
0.987344
0.978162
0.999971
0.999482
0.712124
0.964111
0.988582
0.999791
0.999999
0.996051
0.999884
0.679482
0.997766
0.999221
0.979944
0.973273
0.897953
0.999043
0.999145
1.000000
0.984182
0.998706
0.999973
0.889937
0.982716
0.966544
0.999945
0.995306
0.979277
0.998576
0.999008
0.999992
0.999997
0.994813
0.999248
0.910902
0.999943
0.999343
0.994208
0.985857
0.998675
0.999687
0.948073
0.967370
0.999990
0.999998
0.999916
0.978021
0.999663
0.984602
0.852195
0.999895
0.999985
0.999997
0.993907
0.984452
0.999734
0.976054
0.999788
0.999953
0.999790
0.972485
0.991211
0.999924
0.986790
0.996420
0.998538
0.972896
0.999859
0.981383
0.999930
0.989192
0.999935
0.999998
0.992239
0.973259
0.999999
0.999956
0.999400
0.994488
0.952110
0.999704
0.983250
0.988433
0.999833
0.865345
1.000000
0.999493
0.998243
0.883316
0.998852
0.996249
0.998771
0.638793
0.999997
0.999422
0.998752
0.998169
0.991799
1.000000
0.860643
0.999253
0.998395
0.635027
0.987822
0.993809
0.999983
0.996122
0.999992
0.997106
0.978633
0.953670
0.999998
0.998708
0.999997
0.999950
0.990618
0.995426
0.999974
0.999485
0.995557
0.999931
0.999181
0.997894
0.976452
0.999593
0.903083
0.998815
0.965711
0.999154
0.999568
0.999948
0.961239
0.997708
0.980976
0.999837
0.997216
0.982847
0.999912
0.970238
0.999892
0.999724
0.999821
0.521917
0.999108
0.584800
0.763019
0.923534
0.823906
0.997826
0.653327
0.976600
0.999752
0.999943
0.988267
0.995937
0.988776
0.934131
0.992531
0.946995
0.961370
0.999913
0.798107
0.690372
0.997704
1.000000
0.962718
0.636219
0.690881
1.000000
0.999655
0.998824
0.996024
0.999627
0.714614
0.998293
0.707563
0.970215
0.999513
0.578938
0.904278
0.999952
0.965195
0.999983
1.000000
0.863104
0.890095
1.000000
0.999914
0.871686
0.999500
0.999472
0.706393
0.996126
0.999902
0.999903
0.982915
0.999999
0.998370
1.000000
0.999996
0.999933
0.999724
0.999302
0.990553
0.999973
0.801768
0.843168
0.999611
0.999979
0.947662
0.916968
0.999944
0.999518
1.000000
0.521130
1.000000
0.998645
0.805245
0.999998
0.998209
0.999999
0.998650
0.948568
0.999931
0.984892
0.933890
0.999471
0.999929
0.999947
0.999733
0.998630
0.592278
0.999973
1.000000
0.949146
0.986017
0.999290
0.974382
0.992306
0.999413
0.999987
1.000000
0.989136
1.000000
0.999976
0.992761
0.999775
1.000000
0.999997
1.000000
0.931130
0.572206
0.995482
0.998460
0.963634
0.999998
0.574185
0.907085
0.999975
0.605899
1.000000
0.881916
0.685772
0.992378
0.823062
0.999951
0.929189
0.999597
0.998830
0.995537
0.994287
0.999997
0.999971
0.999998
0.999997
0.853257
0.999990
0.999999
0.744064
0.979394
1.000000
0.969325
0.955968
1.000000
0.997164
0.999998
0.992200
0.600436
0.995723
0.996519
0.989846
0.572385
0.987606
0.999995
0.999963
0.999592
0.999987
1.000000
0.999994
0.993119
1.000000
1.000000
0.998843
0.968716
0.999686
0.999883
0.997660
1.000000
0.991293
0.568036
0.996202
0.896397
0.999912
0.999526
0.999994
0.997509
0.999751
0.998842
