0.936450
0.831127
0.686249
0.820723
0.926730
0.932250
0.845162
0.529323
0.588063
0.635153
0.792636
0.566029
0.876747
0.853258
0.786969
0.876057
0.928592
0.525611
0.833494
0.603628
0.930760
0.775219
0.852385
0.880429
0.560543
0.929414
0.640469
0.825273
0.910398
0.623019
0.719204
0.573276
0.955966
0.962366
0.921801
0.878799
0.950069
0.872468
0.525263
0.748443
0.952998
0.696269
0.858470
0.905188
0.840107
0.842460
0.926803
0.829783
0.617793
0.537202
0.955586
0.827279
0.558727
0.792898
0.943348
0.501847
0.851479
0.941114
0.712042
0.899276
0.605596
0.922030
0.624189
0.944512
0.864803
0.677584
0.762583
0.898187
0.895332
0.787076
0.958865
0.861478
0.820101
0.912051
0.924889
0.729209
0.891378
0.841545
0.677620
0.886498
0.792290
0.913628
0.857694
0.669587
0.883133
0.827158
0.877323
0.674088
0.949857
0.889653
0.833311
0.560380
0.767429
0.629223
0.522630
0.940008
0.614512
0.951892
0.888817
0.947649
0.912444
0.797781
0.963783
0.629332
0.883618
0.738948
0.805247
0.734636
0.555187
0.763648
0.806794
0.952060
0.952853
0.874619
0.933018
0.840055
0.807595
0.944607
0.575382
0.946652
0.926081
0.867350
0.883577
0.947813
0.928531
0.939811
0.908700
0.922188
0.710507
0.506689
0.743310
0.934365
0.884099
0.862024
0.803941
0.843238
0.656340
0.889396
0.717438
0.725826
0.937648
0.962437
0.814255
0.784418
0.641380
0.891619
0.956652
0.831361
0.898651
0.859528
0.728887
0.592409
0.912685
0.938617
0.949206
0.924238
0.635269
0.778552
0.859553
0.922260
0.881148
0.665719
0.741078
0.859801
0.579646
0.653913
0.565035
0.645040
0.682181
0.860811
0.886698
0.839759
0.819855
0.946426
0.853054
0.954558
0.851817
0.888836
0.941361
0.806715
0.600620
0.785271
0.751368
0.798418
0.844477
0.787996
0.656651
0.713547
0.770892
0.945792
0.909743
0.807999
0.931909
0.899924
0.738234
0.894406
0.550522
0.904873
0.929271
