0.948201
0.736835
0.814817
0.987598
0.601223
0.995460
0.605897
0.663173
0.718436
0.682842
0.999998
0.833003
0.542183
0.656010
0.918412
0.707858
0.999996
0.759784
0.994818
0.999980
0.999439
0.980395
0.999987
0.990438
0.911624
0.685344
0.925387
0.807017
0.909631
0.988971
0.922582
0.994241
0.847018
0.923239
0.934705
0.873917
0.883397
0.948694
0.999886
0.999999
0.873788
0.607717
0.750466
0.956130
0.716761
0.999832
0.895364
0.680339
0.770306
0.635805
0.989238
0.992989
0.500481
0.825845
0.727315
0.604785
0.999843
0.859511
0.997974
0.568405
0.746963
0.989502
1.000000
0.903711
0.588989
0.535145
0.583989
0.970059
0.621576
1.000000
0.908345
0.720349
0.913010
0.849298
0.993815
0.993242
0.992173
0.921644
0.999924
0.931150
0.999963
0.926229
0.946509
0.863988
0.836384
0.672712
0.757929
0.516354
0.935938
0.996862
0.762065
0.993404
0.661985
0.600775
0.942705
0.999212
0.957147
0.999477
0.948291
0.678840
0.999926
0.685624
0.996155
0.980909
0.887614
0.874338
0.908721
0.739953
0.999234
0.720956
0.733533
0.999993
0.877852
0.742769
0.811900
0.999979
0.823198
0.986266
0.902566
0.999534
0.597046
0.907743
0.960556
0.956893
0.564021
0.657771
0.914936
0.996742
0.943166
0.813959
0.995050
0.616224
1.000000
0.855764
0.993761
0.992746
0.931797
0.523196
0.903219
0.962095
0.817367
0.554665
0.679327
0.862878
0.980456
0.962122
0.997645
0.992091
0.854305
0.776093
0.753878
0.908881
0.895956
0.913848
0.990909
1.000000
0.896924
0.866064
0.741493
0.987116
0.685405
0.999444
0.999497
0.953100
0.998104
0.865672
0.999996
0.971768
0.683617
0.992546
0.965911
0.999942
0.723160
0.710831
0.720300
0.999996
0.818034
0.982189
0.902857
0.850621
0.972145
0.988338
0.999998
0.928007
1.000000
0.999996
0.999976
0.695518
0.999598
0.966016
0.856757
0.979602
0.985638
1.000000
0.993176
0.906500
0.931696
0.583659
0.996207
0.932625
0.999951
0.852555
0.743987
0.679003
0.959281
0.582239
0.923054
0.996079
0.656724
0.538394
0.969140
0.752396
0.908996
0.991067
0.963764
0.971782
0.996939
0.997990
0.745414
0.997532
0.808007
0.845075
0.998873
0.999060
0.969501
0.891431
0.999999
0.675631
0.842624
0.986193
0.830059
0.969124
0.783854
0.795543
0.840024
0.855022
1.000000
0.909407
0.530893
0.999776
0.999998
0.976504
0.987539
0.952987
0.826091
0.740260
0.508769
0.960593
0.811813
0.841089
0.821971
0.978591
0.974397
0.999286
0.598826
0.764224
0.936855
0.875716
0.997194
0.891654
0.982261
0.965654
0.999958
0.844790
0.990636
0.867023
0.765736
0.978794
0.737891
0.636215
0.771072
0.518500
0.994536
0.699845
0.999996
0.999757
0.970935
0.999988
0.880473
0.891362
0.847809
0.637152
0.954085
0.933773
0.681341
0.999995
0.947796
0.522097
0.997609
0.990834
0.915505
0.794327
0.889308
0.999906
0.835064
0.923328
0.973597
0.647736
0.957787
0.998257
0.998967
0.822538
0.969938
0.652211
1.000000
0.999665
0.961815
0.647585
0.998785
0.808944
0.981698
0.870144
0.999946
0.974154
0.984101
0.814981
0.899297
0.988485
0.992471
0.671657
0.963908
0.763473
0.999975
0.667218
0.988559
0.860194
0.891492
0.697235
0.972687
0.646483
0.999281
0.999990
0.820195
0.969049
0.999587
0.994873
0.696409
0.999999
0.541787
0.858629
0.862477
0.999829
0.842867
0.868009
0.863043
0.679443
0.932286
0.999995
0.955154
0.815725
0.999990
0.954807
0.938208
0.977021
1.000000
0.936698
0.691280
0.610756
0.692183
0.958452
0.983620
0.725484
0.999972
0.579020
0.826508
0.948724
0.921432
0.753348
0.813787
0.679179
0.931846
0.892493
0.996426
0.769488
0.881698
0.699292
0.998755
0.998591
0.643184
0.812936
0.979397
0.994564
0.720951
0.877620
0.999448
0.905152
0.991228
0.999993
0.994651
0.800383
0.989730
0.998519
0.822652
0.999997
0.966835
0.987737
0.995061
0.926673
0.604674
0.907067
0.883659
0.722251
0.772812
0.888897
0.996581
0.994312
0.561514
0.538546
0.619440
0.999455
0.983431
0.887847
0.743209
0.873827
0.836151
0.623383
0.700382
0.999762
0.539614
0.706611
0.939113
0.999994
0.876001
0.987285
0.957834
0.860811
0.975256
0.561266
0.609859
0.560092
0.861410
0.992957
0.980824
0.834532
0.835213
0.903846
0.756890
0.727881
0.782835
0.925567
0.954489
0.987730
1.000000
0.999762
0.941332
0.893711
0.804195
0.821031
0.932944
0.589237
0.962933
0.999710
0.816748
0.999912
0.948904
0.772379
0.783349
0.893510
0.570616
0.985389
0.533180
0.598226
0.629631
0.853570
0.827776
0.816709
0.824315
0.999787
0.923346
0.945590
0.861563
0.929391
0.796306
0.920193
0.851482
0.981531
0.908777
0.683136
0.987297
0.942815
0.894693
0.817690
0.574010
0.721015
0.996871
1.000000
0.871737
0.998112
1.000000
0.616072
0.796074
0.930376
0.998262
0.852982
0.991087
0.948471
0.996526
0.603092
0.980783
0.991117
0.663674
0.999975
0.983914
0.977397
0.506909
0.879310
0.998027
0.999910
0.981444
0.987710
0.999825
0.572559
0.916037
0.998719
0.999868
0.840439
0.730844
0.997552
0.823015
0.850296
0.993271
0.914049
0.968323
0.954055
0.954168
0.552265
0.944148
0.951311
0.999046
0.626733
0.720069
0.716719
0.995670
0.934666
0.999155
0.998696
0.977437
0.841887
0.978300
0.764270
0.892764
0.707255
0.669322
0.995850
0.610438
0.929117
0.999884
0.869066
0.512821
0.973193
0.995207
0.894902
0.874652
0.998706
0.899430
0.715346
0.907776
0.840102
0.992466
0.791798
0.973916
0.997130
0.819123
0.587841
0.986222
0.728547
0.999438
0.716892
0.856295
0.504230
0.871252
0.962912
0.996579
0.999977
0.644517
1.000000
0.998757
0.779363
0.763424
0.997195
0.960205
0.897368
0.999895
0.899063
0.830568
0.946221
0.971948
0.923724
0.734211
0.639307
0.999978
0.927280
0.998592
0.840737
0.523021
0.844828
0.770012
0.986141
0.895231
0.916459
0.997832
0.876563
0.975147
0.959222
0.920669
0.543934
0.994914
0.939111
0.991786
0.993353
0.934514
0.876681
0.980339
0.515538
0.998656
0.556945
0.666306
0.986526
0.973480
0.930814
0.978316
0.946106
0.924628
0.987549
0.678842
0.999074
0.869377
0.993498
0.883845
0.779743
0.909579
0.749696
0.997712
0.984537
0.997256
0.915804
0.996213
0.633099
0.918788
0.640621
0.544203
0.999602
0.974282
0.777728
0.978003
0.931869
0.978803
0.836027
0.848067
0.985574
0.948122
0.999682
0.962264
0.985264
0.901646
0.997378
0.935918
0.921272
0.518669
0.997180
0.970578
0.958362
0.942546
0.983489
0.928886
0.991752
0.508810
0.999512
0.995418
0.884212
0.504084
0.944205
0.957941
0.997000
0.963466
0.947495
0.928841
0.969524
0.813720
0.815056
0.998260
0.999942
0.824175
0.967684
0.954720
0.586423
0.962649
0.993733
0.966661
0.966169
0.953405
0.996791
0.908551
0.963514
0.997020
0.992465
0.921000
0.807804
0.710218
0.987192
0.981294
0.991176
0.997973
0.992681
0.998473
0.914296
0.889298
0.970354
0.982363
0.805215
0.614460
0.989897
0.989585
0.993122
0.985375
0.924170
0.992201
0.856828
0.981727
0.951832
0.880706
0.857775
0.910761
0.955916
0.915795
0.855863
0.994289
0.994289
0.967037
0.997457
0.998786
0.990262
0.934717
0.989823
0.994356
0.999498
0.999386
0.693004
0.999972
0.665457
0.928612
0.557523
0.725888
0.967673
0.989233
0.986769
0.961279
0.979459
0.623068
0.982612
0.979302
0.871164
0.981503
0.599811
0.995816
0.937093
0.830637
0.939961
0.994408
0.786607
0.934275
0.954046
0.988030
0.901451
0.995169
