0.935714
0.681721
0.510786
0.838075
0.741618
0.824929
0.836185
0.884543
0.952914
0.684050
0.941418
0.755589
0.898118
0.824689
0.893294
0.599908
0.935704
0.923704
0.506283
0.704196
0.940289
0.846733
0.765828
0.626651
0.832821
0.904933
0.526613
0.744376
0.684640
0.897522
0.591272
0.848830
0.689783
0.699270
0.930814
0.920851
0.935426
0.917142
0.606024
0.956410
0.706850
0.547131
0.949178
0.946514
0.883444
0.927522
0.547627
0.727015
0.882826
0.849845
0.961070
0.943231
0.800621
0.782253
0.578059
0.960682
0.552372
0.936196
0.718465
0.592282
0.539576
0.605807
0.665971
0.692337
0.744185
0.598059
0.737193
0.931928
0.934903
0.849765
0.801137
0.845696
0.940034
0.762181
0.515313
0.918234
0.666848
0.935794
0.954579
0.504154
0.814072
0.557247
0.752139
0.945542
0.881217
0.873514
0.800221
0.925197
0.852103
0.738269
0.863545
0.610774
0.790765
0.850132
0.860101
0.859002
0.745834
0.820266
0.937454
0.687628
0.890267
0.746160
0.941893
0.946498
0.960472
0.866393
0.912242
0.785754
0.937557
0.721699
0.868314
0.595412
0.850048
0.554876
0.830361
0.853044
0.964932
0.956744
0.766694
0.890210
0.911952
0.574047
0.953785
0.957235
0.933669
0.965958
0.521693
0.830781
0.567092
0.949719
0.865192
0.793534
0.681771
0.601747
0.928509
0.557649
0.939421
0.948807
0.779829
0.875775
0.957957
0.899341
0.729296
0.953408
0.902154
0.537560
0.949679
0.943933
0.951021
0.949791
0.900522
0.786993
0.948861
0.797178
0.782411
0.533889
0.629299
0.797104
0.605091
0.878331
0.553846
0.884517
0.952769
0.939120
0.955202
0.871115
0.649112
0.836188
0.895460
0.889732
0.652200
0.617568
0.824920
0.954577
0.606998
0.956673
0.841275
0.546348
0.884239
0.944070
