0.777126
0.773930
0.839915
0.943347
0.765315
0.625269
0.786355
0.616222
0.651700
0.897928
0.928886
0.797681
0.922358
0.751207
0.899796
0.904885
0.912783
0.924509
0.921370
0.904495
0.744945
0.878406
0.836406
0.922681
0.938792
0.510000
0.933572
0.575426
0.623990
0.778544
0.934632
0.838799
0.959137
0.999100
0.566859
0.756436
0.706849
0.754218
0.918905
0.854455
0.963952
0.783586
0.699619
0.791056
0.892279
0.935442
0.910654
0.934442
0.790747
0.572919
0.656851
0.987454
0.675067
0.908830
0.604363
0.735614
0.684438
0.897463
0.627648
0.874841
0.582254
0.877776
0.786427
0.857634
0.642768
0.771276
0.774616
0.955808
0.901296
0.817273
0.662099
0.824203
0.919762
0.923745
0.758849
0.850487
0.665103
0.992763
0.910855
0.664794
0.895808
0.849065
0.926555
0.604639
0.610632
0.792810
0.803256
0.625244
0.946865
0.626001
0.905696
0.675120
0.909352
0.709637
0.730186
0.677866
0.831863
0.918220
0.923529
0.676667
0.902637
0.907602
0.880555
0.925308
0.759103
0.563794
0.959619
0.844696
0.895353
0.970423
0.888879
0.804116
0.938124
0.759412
0.873517
0.918095
0.780986
0.615068
0.902654
0.938722
0.880926
0.836937
0.948482
0.688758
0.981307
0.812840
0.580940
0.587982
0.928502
0.907871
0.777675
0.883204
0.737007
0.864889
0.546870
0.794635
0.919468
0.940422
0.896489
0.939079
0.870045
0.842487
0.895364
0.722936
0.638868
0.984443
0.869012
0.632189
0.670476
0.830471
0.731314
0.822160
0.944100
0.979714
0.897729
0.928869
0.666466
0.917137
0.571444
0.713308
0.937322
0.902656
0.895417
0.901098
0.671111
0.723972
0.951617
0.908481
0.935155
0.597803
0.755013
0.879651
0.958769
0.981642
0.913705
0.958181
0.514503
0.989829
0.946159
0.726853
0.962842
0.767669
0.938345
0.837451
0.895598
0.766307
0.993959
0.821541
0.752915
0.906028
0.603555
0.948253
0.929770
0.543865
0.994744
0.632448
0.563814
0.830523
0.566738
0.934927
0.572713
0.819597
0.504873
0.830155
0.924916
0.925129
0.917899
0.899753
0.929958
0.549678
0.887863
0.802456
0.906882
0.942017
0.930672
0.910116
0.903238
0.900591
0.972227
0.520258
0.766996
0.804900
0.590760
0.664107
0.800269
0.888798
0.883887
0.943615
0.998561
0.843896
0.792372
0.924960
0.979671
0.856145
0.924832
0.895684
0.924613
0.857291
0.829496
0.880586
0.859908
0.596953
0.922973
0.651036
0.805267
0.645309
0.827729
0.617504
0.930952
0.964900
0.866293
0.911176
0.818432
0.781525
0.909651
0.856003
0.938650
0.951952
0.556439
0.513669
0.797662
0.830551
0.723956
0.753452
0.649148
0.561546
0.817690
0.549442
0.873003
0.736516
0.994807
0.838630
0.562373
0.794577
0.942122
0.877036
0.643357
0.654425
0.751332
0.912316
0.754521
0.671601
0.825512
0.903354
0.964014
0.906668
0.820228
0.753760
0.889351
0.654463
0.784717
0.564169
0.929565
0.984326
0.837430
0.920457
0.641949
0.930411
0.678593
0.901546
0.736809
0.868522
0.607614
0.587062
0.620059
0.965392
0.900436
0.926279
0.562388
0.872815
0.804279
0.786397
0.591201
0.848278
0.967315
0.833622
0.618139
0.895564
0.744635
0.672002
0.819992
0.931888
0.817393
0.620583
0.940123
0.891413
0.929388
0.649727
0.504342
0.927376
0.615463
0.879834
0.773047
0.821881
0.509188
0.953813
0.750725
0.890766
0.960885
0.802070
0.680481
0.627900
0.608966
0.968561
0.854000
0.837135
0.825989
0.816777
0.848489
0.976964
0.912867
0.977503
0.894018
0.992533
0.758141
0.687476
0.540047
0.931192
0.617711
0.987120
0.873946
0.805119
0.823406
0.814359
0.770488
0.845856
0.845492
0.904744
0.549725
0.704204
0.741470
0.798315
0.906789
0.940567
0.723496
0.695889
0.599000
0.953352
0.759873
0.688625
0.961690
0.904595
0.936960
0.987614
0.918036
0.786261
0.917415
0.921285
0.822414
0.976129
0.889227
0.855739
0.927038
0.866876
0.905703
0.856347
0.884358
0.767893
0.578199
0.925523
0.939538
0.554924
0.511381
0.642074
0.547867
0.990913
0.764122
0.898234
0.615289
0.796365
0.899053
0.788437
0.691398
0.607250
0.845990
0.538919
0.949207
0.833838
0.761520
0.884723
0.713549
0.897902
0.876724
0.710601
0.906755
0.682207
0.819799
0.591322
0.783309
0.831088
0.544047
0.723369
0.795837
0.906699
0.885915
0.850223
0.922899
0.793163
0.942514
0.956464
0.925299
0.697997
0.900339
0.857347
0.523607
0.862354
0.878715
0.779200
0.865963
0.900497
0.820484
0.868500
0.918468
0.966379
0.541767
0.619513
0.812483
0.747516
0.875159
0.937959
0.660338
0.868731
0.915005
0.607834
0.859121
0.855098
0.990178
0.822908
0.634185
0.519777
0.927684
0.533560
0.848121
0.867807
0.897637
0.912191
0.521619
0.918913
0.803887
0.870003
0.886725
0.841228
0.862565
0.930709
0.996468
0.864695
0.957743
0.607574
0.992099
0.776031
0.889429
0.554259
0.936737
0.516236
0.839034
0.547502
0.564647
0.941522
0.789802
0.921868
0.828706
0.560756
0.834247
0.918672
0.881669
0.930971
0.716734
0.576398
0.932881
0.996125
0.833502
0.899171
0.954020
0.880206
0.900568
0.942545
0.917378
0.874573
0.790415
0.917256
0.864180
0.890407
0.629024
0.817543
0.888440
0.689216
0.846964
0.831209
0.718525
0.856284
0.789892
0.919764
0.603617
0.757284
0.864648
0.672991
0.634322
0.786524
0.989499
0.725717
0.930261
0.788352
0.759281
0.604860
0.852086
0.913053
0.813707
0.941164
0.951832
0.901626
0.680768
0.883216
0.922800
0.902843
0.571657
0.959085
0.902480
0.875060
0.900692
0.842853
0.941554
0.854327
0.771434
0.942822
0.579540
0.663203
0.960717
0.836127
0.532862
0.599199
0.597515
0.848295
0.948330
0.938168
0.959767
0.946645
0.779494
0.937576
0.938797
0.888458
0.779613
0.884741
0.878042
0.917042
0.913100
0.511916
0.635842
0.930704
0.794750
0.884968
0.996292
0.738797
0.954499
0.565000
0.868483
0.795485
0.689326
0.628502
0.598360
0.618330
0.715285
0.565793
0.586176
0.505439
0.638957
0.608432
0.509421
0.606101
0.612136
0.605257
0.616952
0.622413
0.731113
0.646148
0.534696
0.573562
0.706645
0.562980
0.641114
0.610658
0.598761
0.673825
0.583298
0.592714
0.629460
0.564414
0.700438
0.638638
0.524495
0.651568
0.637975
0.615497
0.751059
0.667296
0.633251
0.606698
0.560970
0.623998
0.581647
0.657359
0.674737
0.621812
0.773303
0.628916
0.756956
0.671301
0.569006
0.590579
0.670461
0.622651
0.621571
0.706167
0.694110
0.706276
0.625542
0.600091
0.652283
0.677284
0.728893
0.662569
0.602342
0.628041
0.614221
0.639594
0.606321
0.733772
0.592020
0.570796
0.650004
0.683664
0.662763
0.565728
0.617553
0.730534
0.631903
0.564346
0.603109
0.657059
0.639674
0.591362
0.730655
0.564597
0.523853
0.561300
0.658881
0.662933
0.708139
0.653883
0.700384
0.582699
0.722376
0.652655
0.632712
0.686286
0.653242
0.657156
0.675077
0.562770
0.616822
0.749333
0.690392
0.625612
0.586867
0.623899
0.654337
0.624062
0.642047
0.678223
0.655850
0.618956
0.681284
0.636247
0.608868
0.642001
0.644406
0.770930
0.740991
0.625378
0.640727
0.565115
0.561348
0.597822
0.715141
0.652513
0.736152
0.658118
0.650108
0.634959
0.633066
0.594872
0.594694
0.693457
0.561701
0.601801
0.703993
0.627697
0.548400
0.668122
0.619819
0.687396
0.613869
0.708671
0.712366
0.605406
0.689093
0.521971
0.710142
0.523973
0.590077
0.721742
0.717464
0.598932
0.654089
0.663676
0.572074
0.617356
0.580673
0.561871
0.563304
0.563883
0.626553
0.746937
0.623239
0.658040
0.721159
0.644615
0.668983
0.661880
0.610108
0.632120
0.641102
0.669500
0.628251
0.681167
0.623179
0.562530
0.748608
0.621970
0.710073
0.624860
0.589895
0.633039
0.610260
0.648198
0.643467
0.647224
0.689908
0.732835
0.614490
