0.999968
0.995717
0.950293
0.999477
0.997391
0.999630
0.999753
0.954600
0.652459
0.999999
0.980994
0.588896
0.999941
0.999743
0.928114
1.000000
0.999849
0.999990
1.000000
0.999987
0.999965
1.000000
1.000000
0.943090
0.970490
0.999974
0.995385
0.999471
0.794450
0.999999
0.999997
0.999999
0.999767
0.966654
1.000000
0.999997
1.000000
0.921129
1.000000
0.999439
0.996508
0.866575
0.822842
1.000000
0.999558
0.929277
0.969684
0.999997
0.999784
0.999986
0.859534
0.902876
0.989757
0.999989
1.000000
0.999994
0.999819
0.993746
0.793077
0.999961
0.975660
1.000000
0.811963
0.999933
0.981758
0.993677
0.988531
0.772465
0.962231
1.000000
0.999665
0.513658
0.943957
0.987819
0.852009
0.999947
0.999997
0.999963
0.998233
0.999689
0.999999
0.999999
1.000000
0.991428
0.999990
0.999775
0.993737
0.738091
0.956716
0.765606
0.999713
0.999846
0.999998
0.999543
0.999996
0.999717
0.999990
0.998498
0.999999
0.999977
0.998145
0.999992
0.696916
0.999999
0.990281
0.999501
0.999996
0.999993
0.827549
1.000000
0.998364
1.000000
0.999996
0.999998
0.999972
0.999953
0.999987
0.999564
0.999918
0.865481
0.999905
0.999994
0.999981
0.971734
0.996030
0.999972
0.977420
1.000000
1.000000
1.000000
0.908340
1.000000
0.985466
0.997575
0.999973
0.999998
1.000000
0.966726
1.000000
0.976976
0.999997
0.994684
0.999985
0.999998
1.000000
0.999999
0.999366
0.999984
0.821052
0.999999
0.999968
0.999671
0.999876
0.999949
0.999549
0.969757
0.796393
0.999980
0.978446
0.999990
1.000000
0.996861
0.999983
0.989390
0.999992
0.844605
0.995752
0.999995
0.999999
0.999981
0.999384
0.987481
0.908000
0.999987
0.999984
0.999995
0.782550
0.991562
1.000000
0.999997
1.000000
0.999993
1.000000
0.999999
0.999999
0.999997
1.000000
0.999945
1.000000
0.999997
0.999999
1.000000
0.999964
0.999992
0.999863
0.932679
0.999996
0.999996
0.999993
0.999998
0.876917
0.999836
0.999993
0.784522
0.999932
0.747257
0.996945
0.999155
0.949116
0.787562
0.999931
0.999955
0.999594
0.999118
0.999986
0.972734
0.999992
0.999631
0.999919
0.999999
0.999796
0.999998
0.971386
0.999936
1.000000
0.975279
0.992843
1.000000
0.969838
0.768852
0.998928
0.999203
0.999972
0.999970
1.000000
0.558868
0.999993
0.911415
0.999999
1.000000
0.999990
0.999998
0.999961
0.999750
0.981071
0.995929
0.999837
0.934209
0.999992
0.973418
0.771880
0.999795
0.998798
0.965695
1.000000
0.999989
0.999876
0.999192
0.999997
0.999450
0.999999
0.999988
0.958880
0.999996
0.999999
0.999996
0.921208
0.999986
0.999893
0.999064
0.990922
0.999140
0.998458
1.000000
0.995948
0.989861
0.999999
0.997384
0.998844
0.703438
0.999665
0.733686
0.937790
0.931609
0.999993
1.000000
0.901836
0.999542
0.999976
1.000000
0.999998
0.995103
0.999996
1.000000
0.995814
0.999951
0.992426
0.999996
0.999999
0.746746
0.999911
0.999957
0.991900
0.999997
0.990595
0.999999
0.833845
0.997062
0.999703
0.999341
1.000000
0.999998
0.999734
0.983946
0.998781
0.999828
0.897226
0.999834
1.000000
0.993250
0.951342
0.999996
0.999999
0.989944
0.999947
0.987576
0.999991
0.960762
0.986565
1.000000
0.999998
0.742151
0.894837
0.998639
0.553708
0.999989
0.999998
0.997769
0.724998
1.000000
0.999978
0.999937
1.000000
0.959831
0.996948
0.997279
1.000000
0.966717
0.998218
0.999440
0.998760
0.998877
1.000000
1.000000
1.000000
0.996173
0.593647
0.999991
1.000000
0.999958
0.967758
0.901016
0.999994
0.997786
0.999999
0.968307
0.999903
0.999993
0.963750
0.999990
0.999846
0.999984
0.991797
0.897833
0.858823
0.997909
0.807033
1.000000
0.999998
0.963406
0.999987
0.998648
1.000000
0.984240
0.621034
0.999998
0.999995
0.999995
1.000000
1.000000
0.962538
0.999992
0.999997
0.997597
0.999959
0.955907
0.999897
0.999996
1.000000
0.835195
0.998565
0.704067
0.977961
0.977378
1.000000
1.000000
0.536557
0.833970
0.970034
0.531602
0.968437
0.999993
0.999994
0.867349
0.999225
0.996112
0.925823
0.588939
0.932228
0.952764
0.903203
1.000000
0.999873
0.999999
0.817141
0.993216
1.000000
0.998843
0.997899
0.986699
0.999061
0.967434
0.999988
0.999903
0.999993
0.571163
0.999916
0.909657
0.999998
0.741410
0.753839
0.998417
0.997005
0.811947
0.731224
0.997024
0.999995
1.000000
1.000000
1.000000
0.936972
0.992828
0.999967
0.999950
0.999966
0.999987
0.999831
0.999590
0.981891
0.999806
0.985020
0.979838
0.999918
0.999998
0.999993
0.983993
0.999944
0.985750
0.993989
0.999873
1.000000
0.999995
0.958852
0.998640
0.999989
0.941429
0.999999
1.000000
0.999883
0.999985
0.924132
0.994376
0.999974
0.999963
0.985076
0.644389
0.990740
0.753355
0.999744
1.000000
0.996356
0.999986
0.998606
1.000000
0.765694
0.997071
1.000000
0.917153
0.997651
0.983429
0.999966
0.999999
1.000000
0.883077
0.999999
0.998286
0.996482
1.000000
0.999894
1.000000
0.835670
1.000000
1.000000
1.000000
0.998712
0.999934
0.999975
0.859755
0.963515
0.999997
0.999997
1.000000
0.997687
0.999390
0.999972
0.999994
0.999995
0.992175
0.999996
0.997127
0.999503
0.999991
0.999674
0.982737
0.999996
0.994032
1.000000
0.994096
0.992838
0.999986
0.812802
0.999383
0.999776
0.974967
0.999999
0.999974
0.999980
0.999959
0.999936
0.999989
0.988726
0.658643
0.999995
0.996980
0.999897
0.999999
0.922131
0.999976
0.942671
0.999800
1.000000
0.996399
0.973529
0.999996
0.999971
0.999454
0.999508
0.991471
1.000000
0.999386
0.998269
0.999998
0.989761
0.999753
0.980945
1.000000
0.995434
0.999946
0.994641
0.999834
1.000000
0.999754
1.000000
0.999999
0.789787
0.999828
0.999995
0.999926
0.999475
0.999999
0.999799
0.999972
0.781260
0.994605
0.998147
0.999906
0.997569
0.999996
0.999999
0.999980
0.585451
0.999965
0.944588
0.999988
0.576788
0.936978
0.749718
0.533922
0.997515
0.997291
0.999501
0.924947
0.985520
0.637907
0.867204
0.981689
0.999933
0.999969
0.995858
0.999183
0.991410
0.690462
0.546090
0.992220
0.951613
0.835186
0.981868
0.999061
0.994440
0.731542
0.890441
0.992369
0.828985
0.900699
0.866821
0.999862
0.998207
0.885478
0.963306
0.968553
0.949072
0.978812
0.999268
0.999992
0.999991
0.998731
0.995035
0.999008
0.785772
0.989173
0.990251
0.971723
0.996811
0.997892
0.999686
0.984749
0.997986
0.997001
0.991676
0.973648
0.999801
0.748792
0.998911
0.934150
0.973790
0.850528
0.995171
0.991477
0.994929
0.976744
0.994867
0.993954
0.844487
0.907398
0.955572
0.998548
0.776904
0.888782
0.999605
0.997742
0.574830
0.980818
0.999772
0.992928
0.999678
0.996367
0.999987
0.875517
0.924025
0.822285
0.999954
0.788929
0.999999
0.999927
0.932632
0.992538
0.999827
0.986470
0.829069
0.852767
0.992108
0.892749
0.999848
0.999715
0.997158
0.659520
0.998998
0.999980
0.898189
0.726365
0.999997
0.999999
0.997566
0.823237
0.997157
0.706495
0.924057
0.858224
0.999679
0.999988
0.923221
0.999976
0.999287
0.971683
0.846226
0.993188
0.776366
0.996468
0.969675
0.574785
0.999570
0.999259
0.997561
0.999362
0.956722
0.811211
0.999441
0.999175
0.994204
0.990137
0.968876
0.999723
0.999999
0.555405
0.999988
0.999883
0.817531
0.992032
0.984641
0.997528
0.930585
0.622030
0.999620
0.996900
0.999763
0.948788
0.994979
0.919057
0.818351
0.999650
0.999192
0.997956
0.996543
0.996835
0.998330
0.940321
0.999186
0.997704
0.814203
0.999995
0.841497
0.797924
0.995908
0.991380
0.586809
0.829764
0.998938
0.829715
