0.714770
0.730920
0.590155
0.955789
0.742555
0.969090
0.929248
0.518812
0.902124
0.829504
0.997218
0.892842
0.973718
0.999733
0.914821
0.653695
0.580404
0.656367
0.967795
0.998973
0.922943
0.891003
0.583402
0.957517
0.717067
0.980428
0.997085
0.949874
0.999731
0.857726
0.983690
0.688880
0.999592
0.871096
0.884485
0.771770
0.637407
0.531375
0.962704
0.501182
0.999724
0.848796
0.999906
0.843212
0.961413
0.999595
0.842322
0.963577
0.755777
0.999102
0.768380
0.999995
0.592989
0.964769
0.999677
0.669171
0.957529
0.999835
0.998400
0.619788
0.865412
0.941708
0.999842
0.869616
0.982167
0.669956
0.979646
0.992896
0.756870
0.917064
0.965689
0.695955
0.865562
0.749548
0.878858
0.914859
0.834842
0.999985
0.999955
0.850095
0.905979
0.929532
0.891171
0.984149
0.527691
0.947374
0.946920
0.508508
0.999995
0.796205
0.923309
0.535122
0.924008
0.604829
0.614700
0.998956
0.815179
0.825453
0.599223
0.990981
0.894259
0.941457
0.705289
0.998847
0.851777
0.879717
0.999230
0.981419
0.999792
0.997015
0.999998
0.999783
0.999983
0.754975
0.930175
0.998769
0.730500
0.998853
0.998884
0.812933
0.985429
0.878182
0.830444
0.991725
0.999943
0.992958
0.917443
0.995611
0.991070
0.998289
0.958998
0.804160
0.751198
0.723501
0.997531
0.999992
0.506275
0.999715
0.981180
0.729376
0.953538
0.759043
0.648472
0.890778
0.999838
0.591116
0.896508
0.819940
0.959353
0.819005
1.000000
0.862682
0.998369
0.891404
0.997622
0.999951
0.708626
0.560343
0.995095
0.717975
0.999862
0.636722
0.999659
0.534425
0.935180
0.981237
0.995830
0.750952
0.930749
0.999601
0.980134
0.995109
0.992446
0.999774
0.802882
0.972824
0.780551
0.999797
0.691333
0.999959
0.995723
1.000000
0.647942
0.874968
0.689227
0.776709
0.999847
0.998255
0.792120
0.995895
0.999123
0.661224
0.994999
0.999355
0.893838
0.983814
0.631594
0.797043
0.656629
