0.891046
0.786752
0.890271
0.993816
0.958661
0.828996
0.952033
0.534678
0.823009
0.998478
0.997555
0.971473
0.673638
0.522601
0.593873
0.609362
0.643483
0.565615
0.981218
0.827808
0.664642
0.534445
0.999632
0.580212
0.853737
0.907235
0.600959
0.693807
0.697616
0.961173
0.927502
0.948627
0.909838
0.522857
0.955120
0.969929
0.631212
0.977536
0.891093
0.983029
0.728894
0.757975
0.903281
0.794078
0.609696
0.830991
0.967905
0.909308
0.901509
0.962683
0.962120
0.790466
0.762461
0.591983
0.570694
0.970930
0.942949
0.994131
0.920940
0.695851
0.682331
0.992179
0.834121
0.762625
0.887744
0.934953
0.754220
0.974296
0.804752
0.866916
0.965768
0.919505
0.689699
0.945351
0.972254
0.712129
0.863745
0.682391
0.991369
0.651311
0.559554
0.581701
0.827585
0.901132
0.890728
0.639887
0.809519
0.727619
0.504894
0.836525
0.742065
0.586292
0.678635
0.523187
0.987046
0.606493
0.821353
0.500582
0.847324
0.593322
0.756438
0.707810
0.890004
0.766116
0.508087
0.581163
0.922563
0.721492
0.835177
0.945739
0.936192
0.688038
0.924699
0.590593
0.993235
0.774043
0.877381
0.588882
0.666007
0.749417
0.959514
0.671279
0.823638
0.997297
0.693138
0.876581
0.608922
0.995616
0.673252
0.994970
0.597132
0.648220
0.941012
0.859859
0.994613
0.898192
0.637567
0.942362
0.995862
0.913043
0.992332
0.997672
0.962562
0.959129
0.998050
0.960661
0.994328
0.970746
0.767528
0.894044
0.886231
0.740958
0.795700
0.864562
0.828739
0.944014
0.896946
0.791339
0.742167
0.998246
0.798286
0.805384
0.691285
0.755457
0.586865
0.607311
0.599411
0.648828
0.988933
0.776795
0.598844
0.958323
0.979874
0.907315
0.988628
0.971399
0.985884
0.772711
0.734982
0.863791
0.923857
0.565152
0.707475
0.828115
0.810871
0.788943
0.664789
0.887686
0.869929
0.899338
0.687806
0.807078
0.685643
0.813597
0.521535
0.900601
0.597685
0.592353
0.966668
0.969058
0.876626
0.719489
0.836245
0.802298
0.899651
0.908395
0.832898
0.808911
0.512997
