0.690446
0.945058
0.631306
0.828491
0.957834
0.710204
0.975092
0.752213
0.874965
0.836820
0.823410
0.506947
0.666876
0.541949
0.931149
0.635643
0.951270
0.869118
0.948670
0.988822
0.884481
0.971847
0.952758
0.870178
0.819455
0.715196
0.982885
0.935282
0.970969
0.962259
0.934139
0.971501
0.630599
0.569832
0.930273
0.971513
0.977934
0.987681
0.954821
0.981638
0.693673
0.956532
0.963730
0.689008
0.969867
0.656994
0.776129
0.927793
0.937338
0.917406
0.723656
0.880494
0.963206
0.718036
0.695505
0.957586
0.703549
0.664944
0.659217
0.841832
0.927546
0.996896
0.800002
0.602286
0.857636
0.695370
0.956237
0.957255
0.967450
0.945745
0.528015
0.604128
0.940925
0.604863
0.812489
0.674313
0.946096
0.641686
0.920537
0.940948
0.953687
0.883153
0.742478
0.954161
0.961956
0.631688
0.788636
0.830487
0.920065
0.921186
0.710307
0.947977
0.653753
0.790783
0.725193
0.903421
0.796377
0.952354
0.732359
0.960394
0.871479
0.868461
0.859781
0.872716
0.892946
0.806125
0.984790
0.827544
0.989492
0.953461
0.963968
0.885876
0.937309
0.969524
0.644458
0.662837
0.852722
0.958090
0.876122
0.507689
0.642943
0.654333
0.743868
0.977261
0.767258
0.975928
0.975349
0.801489
0.983591
0.828385
0.973154
0.980760
0.598076
0.948756
0.964420
0.947906
0.973062
0.972103
0.967053
0.977546
0.946434
0.893191
0.684848
0.968830
0.808071
0.542311
0.924424
0.992444
0.635332
0.723019
0.741164
0.709796
0.849744
0.966057
0.945969
0.932904
0.989037
0.957952
0.994617
0.549641
0.877369
0.908606
0.802725
0.760426
0.661719
0.825191
0.628818
0.967105
0.988072
0.870507
0.734838
0.985700
0.549605
0.980804
0.993755
0.891983
0.989366
0.976113
0.936949
0.840304
0.989244
0.967286
0.954371
0.853973
0.954002
0.693557
0.948288
0.997923
0.933391
0.892334
0.908949
0.849246
0.963009
0.948115
0.741096
0.586219
0.548685
0.970945
0.960668
0.634215
0.940146
0.545939
0.948014
0.926571
0.980216
0.974666
0.958070
0.762850
0.785004
0.970757
0.943386
0.774699
0.779641
0.677811
0.986567
0.956930
0.978552
0.985200
0.765038
0.967244
0.901287
0.760516
0.923303
0.840035
0.943583
0.746654
0.943459
0.949412
0.639847
0.836509
0.979966
0.703714
0.982740
0.886325
0.978241
0.805865
0.961529
0.966140
0.916418
0.862045
0.765478
0.865814
0.878081
0.956065
0.967129
0.967995
0.964649
0.970418
0.950774
0.899819
0.932621
0.674222
0.977872
0.978200
0.567447
0.809522
0.598090
0.966126
0.839723
0.681588
0.930010
0.722127
0.717044
0.974577
0.730117
0.997021
0.960267
0.600011
0.595476
0.849318
0.971185
0.561889
0.673535
0.609322
0.685259
0.816185
0.974985
0.934298
0.656086
0.769711
0.556010
0.985562
0.711085
0.950824
0.915049
0.981264
0.989634
0.597855
0.842007
0.655224
0.942865
0.897810
0.600648
0.943796
0.955583
0.887192
0.974614
0.829613
0.855352
0.737490
0.887020
0.972497
0.633617
0.698415
0.970051
0.942311
0.748893
0.676401
0.863583
0.786551
0.622367
0.975780
0.990210
0.855218
0.820353
0.945769
0.948647
0.906104
0.589717
0.883317
0.984696
0.837107
0.961156
0.975854
0.669482
0.969816
0.635115
0.683946
0.611294
0.805529
0.971574
0.975705
0.903061
0.965783
0.945603
0.975710
0.970265
0.887800
0.956350
0.713360
0.629373
0.979704
0.814413
0.908193
0.861874
0.943135
0.701210
0.891024
0.987360
0.978193
0.730539
0.584756
0.984852
0.965034
0.749307
0.668357
0.848452
0.795913
0.981408
0.657422
0.979802
0.963775
0.879971
0.895514
0.924045
0.929162
0.974042
0.940905
0.969623
0.922533
0.699420
0.664016
0.511792
0.507832
0.939672
0.961364
0.765158
0.896272
0.648146
0.986726
0.925010
0.968427
0.979970
0.983483
0.993418
0.974331
0.755282
0.952538
0.962803
0.942115
0.931572
0.780865
0.798773
0.939795
0.928104
0.969755
0.667022
0.953704
0.974612
0.972069
0.687612
0.979797
0.879804
0.578746
0.992304
0.849574
0.940434
0.946108
0.988229
0.895654
0.692323
0.575418
0.780238
0.851617
0.871723
0.811703
0.986955
0.944479
0.691677
0.759609
0.798058
0.972910
0.528639
0.947604
0.972021
0.758178
0.655028
0.642326
0.864152
0.975852
0.663936
0.962565
0.633386
0.950577
0.531769
0.542881
0.973014
0.809026
0.979695
0.976248
0.708931
0.954565
0.943322
0.696755
0.968454
0.921865
0.797684
0.935502
0.628112
0.552439
0.993970
0.955364
0.913373
0.735037
0.923386
0.603213
0.848427
0.906015
0.595013
0.948928
0.655567
0.805127
0.737510
0.573052
0.662507
0.981908
0.791312
0.775250
0.961139
0.706398
0.990588
0.979717
0.876289
0.966354
0.629708
0.947086
0.502046
0.805901
0.891865
0.885455
0.906217
0.732005
0.996909
0.960554
0.927204
0.871231
0.980425
0.963696
0.924949
0.960423
0.883163
0.826090
0.935782
0.636567
0.988864
0.965167
0.976054
0.755557
0.508075
0.980176
0.920950
0.979222
0.985584
0.843199
0.523348
0.982016
0.989713
0.967355
0.949949
0.969939
0.833035
0.807677
0.956475
0.961178
0.988880
0.947804
0.966312
0.965604
0.773087
0.966570
0.747829
0.946912
0.606001
0.827643
0.540567
0.660266
0.718277
0.867842
0.919821
0.645851
0.946094
0.855837
0.763122
0.877903
0.721221
0.974841
0.970913
0.818624
0.987446
0.818028
0.506579
0.675521
0.946166
0.905690
0.863852
0.955558
0.972396
0.957281
0.925373
0.640600
0.963395
0.744881
0.940799
0.974424
0.960469
0.769912
0.852266
0.946807
0.896616
0.956443
0.964917
0.995237
0.754083
0.910009
0.959157
0.906225
0.805616
0.982874
0.662528
0.825091
0.875804
0.518904
0.575986
0.956528
0.969188
0.972798
0.982912
0.981799
0.753857
0.902566
0.988977
0.870064
0.918192
0.981910
0.937877
0.976642
0.786564
0.738152
0.623999
0.948552
0.870567
0.943872
0.933152
0.965209
0.984869
0.513700
0.717582
0.973175
0.692740
0.763810
0.500449
0.754278
0.697593
0.699117
0.772364
0.731110
0.631482
0.605345
0.584566
0.696580
0.500448
0.560921
0.720542
0.813299
0.721916
0.633448
0.656436
0.719711
0.747097
0.558444
0.808738
0.605983
0.592342
0.675901
0.779097
0.714289
0.750599
0.644457
0.508072
0.768452
0.577379
0.591460
0.689437
0.626192
0.721247
0.781385
0.704831
0.699170
0.830165
0.598892
0.716301
0.683518
0.710714
0.712358
0.670619
0.663905
0.684788
0.747709
0.622542
0.766367
0.636107
0.833575
0.626430
0.764483
0.663345
0.762116
0.726512
0.556363
0.672227
0.777771
0.792355
0.770540
0.561790
0.613145
0.750714
0.868194
0.761919
0.862452
0.598028
0.675472
0.690461
0.813094
0.529464
0.768867
0.788112
0.603159
0.648389
0.612740
0.790667
0.855270
0.735434
0.670717
0.726994
0.660060
0.688808
0.750763
0.559483
0.554565
0.658737
0.557737
0.579649
0.686781
0.824960
0.850919
0.758312
0.817699
0.616133
0.698228
0.641444
0.555803
0.735000
0.596109
0.786754
0.740518
0.786317
0.670973
0.654558
0.698504
0.772749
0.834981
0.735158
0.698263
0.573149
0.689933
0.752158
0.784921
0.851317
0.826881
0.662487
0.830824
0.865932
0.666947
0.744045
0.735473
0.842955
0.844511
0.696520
0.696446
0.829213
0.705680
0.611472
0.676053
0.839172
0.792717
0.809215
0.773047
0.609112
0.775451
0.788471
0.648190
0.685233
0.523172
0.566103
0.515088
0.702216
0.802935
0.515309
0.736144
0.769247
0.839715
0.784141
0.716463
0.886865
0.799035
0.767235
0.753147
0.638277
0.835201
0.631587
0.670458
0.552380
0.773537
0.804552
0.780388
0.527430
0.843704
0.735878
0.792366
0.543674
0.704214
0.555464
0.743868
0.717428
0.654427
0.673057
0.829442
0.611276
0.760803
0.721656
0.780239
0.704123
0.827171
0.800203
0.689576
0.698804
0.758969
0.760888
0.610036
0.711010
0.723158
0.593274
0.602968
0.830575
0.758026
0.677075
0.541860
0.823091
0.793577
0.563993
0.631334
0.699574
0.827131
0.666128
0.765924
0.735082
