0.942693
0.944234
0.814272
0.933566
0.940356
0.939971
0.929866
0.944560
0.922695
0.683893
0.880827
0.912139
0.912612
0.961593
0.930925
0.953768
0.949005
0.961178
0.957639
0.953179
0.957460
0.932404
0.894066
0.920181
0.831664
0.957210
0.969345
0.970229
0.741149
0.947539
0.921261
0.943395
0.832591
0.773980
0.747829
0.832336
0.960976
0.961637
0.958289
0.956325
0.801710
0.948709
0.906057
0.574412
0.920734
0.819522
0.943452
0.953518
0.923731
0.750248
0.810535
0.958252
0.959107
0.866340
0.926620
0.845507
0.768168
0.812135
0.856137
0.954387
0.921445
0.921667
0.956136
0.581513
0.963577
0.757517
0.833511
0.951062
0.570926
0.965189
0.860280
0.913391
0.859736
0.952851
0.844543
0.915314
0.775072
0.624845
0.956161
0.970313
0.936765
0.811973
0.842082
0.965518
0.950449
0.961576
0.828699
0.946201
0.957454
0.826316
0.955442
0.945808
0.807173
0.950866
0.945501
0.930798
0.897954
0.942469
0.952956
0.960805
0.957424
0.936706
0.946723
0.863582
0.901880
0.942708
0.961506
0.966214
0.953244
0.913217
0.942542
0.950328
0.962977
0.967289
0.958948
0.894321
0.963504
0.896374
0.948292
0.950589
0.962938
0.945181
0.951645
0.956424
0.933929
0.943525
0.952978
0.959022
0.963397
0.864783
0.931987
0.948646
0.957631
0.943557
0.957020
0.822261
0.954571
0.842648
0.923250
0.607464
0.960501
0.961375
0.928094
0.972526
0.949342
0.773969
0.936751
0.911477
0.918155
0.962142
0.963207
0.967402
0.956838
0.891688
0.908143
0.966635
0.973163
0.632765
0.951995
0.950139
0.926861
0.900327
0.900231
0.963737
0.974129
0.960941
0.956455
0.943724
0.957842
0.927765
0.954491
0.724535
0.956333
0.948130
0.954926
0.931519
0.903731
0.925935
0.959684
0.909960
0.966224
0.666492
0.883700
0.964188
0.971641
0.964633
0.851974
0.962098
0.966786
0.958370
0.959130
0.963554
0.958613
0.965818
0.952862
0.957784
0.749781
0.709147
0.970750
0.962699
0.958200
0.933805
0.892375
0.960508
0.967051
0.954797
0.845618
0.937791
0.951324
0.951378
0.517760
0.967691
0.823998
0.930126
0.833929
0.909725
0.929419
0.900499
0.957128
0.957442
0.936072
0.959191
0.878056
0.958959
0.924251
0.943071
0.956703
0.941567
0.929232
0.959411
0.896578
0.921481
0.955848
0.937364
0.908333
0.974182
0.960261
0.936683
0.941609
0.900416
0.928402
0.953671
0.961410
0.962220
0.805185
0.961659
0.956626
0.966635
0.952745
0.797048
0.947765
0.935283
0.946448
0.967943
0.903735
0.712119
0.890776
0.935123
0.904895
0.953753
0.933227
0.869622
0.959399
0.955357
0.807962
0.924126
0.947636
0.917657
0.958409
0.932613
0.912885
0.712420
0.937948
0.955263
0.956939
0.886238
0.747835
0.930919
0.961531
0.956138
0.957497
0.957564
0.960983
0.949785
0.866996
0.953544
0.922976
0.905104
0.810020
0.919308
0.929494
0.815959
0.961952
0.962485
0.704816
0.931207
0.948369
0.968807
0.947005
0.887293
0.938590
0.969003
0.946217
0.955543
0.942665
0.970912
0.953277
0.762283
0.945139
0.929060
0.956075
0.882683
0.958464
0.950944
0.930285
0.688118
0.929133
0.951411
0.956451
0.897851
0.505813
0.954222
0.732389
0.783282
0.956926
0.953150
0.938675
0.939293
0.956862
0.949511
0.915493
0.965635
0.942565
0.937478
0.938244
0.857269
0.953760
0.705900
0.963522
0.832224
0.559375
0.967771
0.937289
0.894903
0.962727
0.948574
0.957426
0.963362
0.919145
0.910316
0.937411
0.953002
0.772148
0.944594
0.954373
0.948147
0.759738
0.971939
0.958121
0.956387
0.857357
0.882677
0.949424
0.959864
0.848741
0.833927
0.934078
0.903594
0.957720
0.933720
0.956800
0.958112
0.884349
0.935522
0.925389
0.950944
0.948663
0.962293
0.951025
0.852218
0.909926
0.913940
0.902940
0.941030
0.960894
0.944809
0.951461
0.965004
0.954278
0.801539
0.828555
0.961284
0.954211
0.959976
0.958413
0.962285
0.807295
0.928622
0.969316
0.954653
0.955644
0.942609
0.953471
0.960708
0.943648
0.958983
0.953048
0.940958
0.925442
0.876899
0.965701
0.972652
0.543234
0.500321
0.830822
0.593165
0.914123
0.943804
0.959244
0.946642
0.948076
0.707752
0.879124
0.814322
0.584442
0.887258
0.923346
0.939813
0.943425
0.755349
0.951375
0.953721
0.921587
0.945427
0.778403
0.908284
0.877379
0.947937
0.866642
0.948156
0.933395
0.927345
0.758935
0.973144
0.900563
0.954541
0.947228
0.769244
0.850247
0.872844
0.943069
0.970658
0.949516
0.965355
0.955095
0.961752
0.955025
0.936425
0.946460
0.871989
0.955952
0.672175
0.965190
0.936713
0.897126
0.963327
0.814207
0.958096
0.859435
0.957888
0.941170
0.945114
0.964193
0.719938
0.941330
0.941988
0.926408
0.950572
0.960274
0.901574
0.733263
0.757467
0.952037
0.859818
0.944275
0.976359
0.931440
0.959051
0.848395
0.947310
0.928870
0.935868
0.950032
0.821135
0.780914
0.937286
0.955669
0.960430
0.869532
0.953116
0.942575
0.951496
0.913957
0.936629
0.970240
0.890369
0.963054
0.929972
0.939232
0.939488
0.964501
0.927710
0.973215
0.936814
0.921443
0.847660
0.961169
0.907522
0.972068
0.929039
0.820423
0.959081
0.953953
0.908322
0.944517
0.969615
0.946659
0.932040
0.944812
0.954910
0.965241
0.692802
0.955337
0.950816
0.943648
0.917269
0.946577
0.790619
0.923972
0.930435
0.809632
0.958785
0.951492
0.603787
0.883025
0.923836
0.953520
0.963768
0.952096
0.956569
0.874839
0.900131
0.946312
0.872564
0.968117
0.962350
0.956766
0.924728
0.883310
0.870841
0.921405
0.951341
0.895963
0.753699
0.957744
0.793060
0.926979
0.961227
0.874569
0.956294
0.940895
0.918434
0.970628
0.958144
0.728236
0.950444
0.952924
0.899881
0.915318
0.958322
0.952428
0.935311
0.962601
0.963443
0.869768
0.959778
0.967792
0.914855
0.960209
0.946320
0.775970
0.908756
0.955521
0.955792
0.951775
0.949867
0.942066
0.955895
0.963324
0.957990
0.900445
0.954124
0.959948
0.971307
0.936221
0.861844
0.957240
0.889268
0.967849
0.956079
0.929882
0.796050
0.942542
0.500839
0.969686
0.824757
0.814966
0.897977
0.875389
0.884192
0.876174
0.567342
0.760852
0.744461
0.871547
0.710874
0.841137
0.852037
0.889558
0.911885
0.780097
0.876459
0.774505
0.627480
0.833405
0.961060
0.781762
0.857684
0.849069
0.885525
0.871307
0.931156
0.921033
0.850507
0.894178
0.963817
0.914780
0.793141
0.893107
0.632685
0.804537
0.878308
0.583791
0.894682
0.767065
0.951638
0.955952
0.816641
0.943555
0.584395
0.750800
0.901354
0.857623
0.931650
0.914278
0.702750
0.835379
0.912751
0.980448
0.863535
0.979373
0.908012
0.903923
0.627463
0.961898
0.916570
0.816395
0.767190
0.682191
0.931514
0.570943
0.684247
0.850062
0.643642
0.849236
0.803584
0.898559
0.944058
0.830004
0.953574
0.569663
0.938363
0.589837
0.898949
0.880501
0.898864
0.607440
0.817701
0.826896
0.673009
0.508976
0.937591
0.901984
0.890523
0.673699
0.956722
0.753106
0.938017
0.929343
0.648141
0.888083
0.931910
0.853285
0.557820
0.807311
0.956339
0.901814
0.896208
0.929651
0.704352
0.967789
0.941591
0.856571
0.964955
0.863310
0.786457
0.879426
0.661941
0.599027
0.784672
0.564887
0.705016
0.928439
0.717101
0.961202
0.944422
0.939265
0.891523
0.785696
0.910310
0.868880
0.581830
0.961336
0.576682
0.975434
0.883492
0.916144
0.954125
0.888096
0.881655
0.514371
0.924965
0.845969
0.918247
0.846229
0.912062
0.861274
0.935323
0.872128
0.696180
0.868087
0.923644
0.871889
0.860981
0.904204
0.964505
0.956949
0.904170
0.804439
0.913733
0.927555
0.774093
0.561986
0.678635
0.576299
0.614619
0.941713
0.548831
