0.680133
0.562368
0.561083
0.662767
0.562575
0.553482
0.515699
0.574957
0.622267
0.560005
0.747827
0.580722
0.527020
0.538375
0.628346
0.564033
0.563170
0.507337
0.592293
0.646492
0.594395
0.563751
0.620401
0.628540
0.654888
0.563034
0.860519
0.567106
0.508836
0.690524
0.603144
0.838496
0.577547
0.690011
0.561282
0.543719
0.595099
0.520750
0.713841
0.561704
0.606063
0.594481
0.589132
0.529026
0.564239
0.769545
0.894338
0.562886
0.880507
0.513081
0.878550
0.694141
0.663951
0.617257
0.712468
0.580792
0.849985
0.536646
0.666154
0.827707
0.759049
0.906126
0.825377
0.564050
0.565558
0.610696
0.636602
0.650267
0.582559
0.534130
0.622453
0.515618
0.566998
0.580298
0.586294
0.557070
0.560890
0.650996
0.685609
0.567630
0.595007
0.584706
0.776329
0.587278
0.558565
0.508027
0.564801
0.562994
0.543765
0.781513
0.816768
0.563251
0.701706
0.565356
0.749276
0.608608
0.538606
0.619017
0.583013
0.741769
0.664131
0.571616
0.563900
0.607416
0.579533
0.572270
0.647925
0.539497
0.781736
0.617875
0.673152
0.918882
0.568965
0.637432
0.561999
0.868380
0.637085
0.855456
0.810023
0.898383
0.789849
0.647452
0.665657
0.898496
0.513179
0.767866
0.591497
0.546572
0.796668
0.757674
0.696657
0.710128
0.676294
0.603114
0.775093
0.615438
0.747505
0.751830
0.548702
0.588464
0.838073
0.760727
0.710897
0.556442
0.547981
0.652785
0.869504
0.721933
0.865375
0.924587
0.881441
0.799375
0.616454
0.526698
0.524401
0.804493
0.680281
0.850578
0.832544
0.843354
0.699000
0.747334
0.818103
0.546587
0.527406
0.607262
0.763393
0.527207
0.601460
0.648449
0.619828
0.880311
0.735251
0.742329
0.781855
0.713214
0.537392
0.784679
0.570664
0.799141
0.853835
0.604237
0.803870
0.617139
0.827099
0.560688
0.616154
0.651519
