0.946693
0.943248
0.959509
0.965236
0.969626
0.929353
0.867123
0.941762
0.957071
0.898846
0.952548
0.947144
0.961166
0.855329
0.965439
0.604027
0.947942
0.958696
0.965609
0.954960
0.902256
0.930310
0.943081
0.872294
0.942181
0.932418
0.956501
0.558279
0.960909
0.961891
0.936467
0.834188
0.963179
0.952410
0.943968
0.961657
0.967286
0.580640
0.960368
0.839804
0.867344
0.861029
0.915673
0.949042
0.948612
0.908243
0.912143
0.901066
0.952081
0.960392
0.590209
0.961888
0.657763
0.842872
0.736135
0.957446
0.924884
0.931485
0.970181
0.947968
0.823347
0.872956
0.908635
0.975953
0.945705
0.962279
0.894982
0.877736
0.936081
0.873703
0.894333
0.920528
0.874594
0.967791
0.956724
0.744325
0.728788
0.943902
0.899426
0.931468
0.966582
0.960732
0.937865
0.902184
0.960448
0.947195
0.965754
0.953858
0.912470
0.970124
0.960328
0.794241
0.869389
0.885787
0.957492
0.904351
0.892407
0.950207
0.955806
0.945280
0.956564
0.944938
0.937646
0.962508
0.946004
0.971603
0.945943
0.887707
0.978810
0.964137
0.951891
0.673873
0.945092
0.935996
0.613977
0.988054
0.929493
0.962079
0.938006
0.972567
0.945307
0.935883
0.901587
0.971676
0.958434
0.966241
0.952426
0.911580
0.821453
0.942156
0.953511
0.971148
0.953130
0.906803
0.785628
0.959317
0.953550
0.892150
0.827804
0.952521
0.975134
0.936894
0.959654
0.574165
0.963588
0.935045
0.816241
0.954315
0.950243
0.958994
0.956109
0.969167
0.872899
0.946799
0.945028
0.947999
0.630721
0.906221
0.974343
0.932073
0.922429
0.969902
0.740968
0.968662
0.931962
0.962226
0.954368
0.941335
0.963468
0.966221
0.793028
0.948806
0.724595
0.969320
0.949599
0.961135
0.950194
0.943395
0.964686
0.962759
0.914616
0.908808
0.940338
0.938168
0.987361
0.944388
0.975805
0.950153
0.968593
0.866790
0.956639
0.954950
0.937327
0.963187
0.924270
0.919947
0.943122
0.992234
0.660838
0.907303
0.955969
0.869840
0.971935
0.941127
0.940327
0.967485
0.823450
0.823579
0.794262
0.945122
0.877320
0.806189
0.833612
0.862013
0.933580
0.931920
0.953646
0.960209
0.927630
0.830457
0.939304
0.667859
0.956151
0.625035
0.922432
0.933991
0.950941
0.932697
0.712768
0.809940
0.976109
0.979190
0.607768
0.860286
0.967778
0.935995
0.615722
0.931651
0.938422
0.965658
0.900281
0.953207
0.931908
0.858329
0.929287
0.972031
0.897598
0.954296
0.959468
0.950762
0.920515
0.963149
0.942778
0.919084
0.963252
0.857925
0.925723
0.961097
0.903345
0.904527
0.953871
0.973040
0.957567
0.937923
0.957626
0.956309
0.962054
0.958731
0.954644
0.959094
0.950361
0.940342
0.523830
0.964642
0.964806
0.937420
0.665516
0.879049
0.951082
0.927140
0.729312
0.996386
0.942837
0.855801
0.941371
0.944735
0.911897
0.863997
0.512221
0.930883
0.927200
0.957014
0.852355
0.644755
0.968552
0.967831
0.946481
0.960048
0.942382
0.954908
0.842093
0.971392
0.959982
0.956933
0.951523
0.953017
0.907455
0.951726
0.937831
0.956315
0.811783
0.941891
0.959479
0.930406
0.852346
0.952008
0.887214
0.970122
0.860471
0.907896
0.985952
0.817853
0.925026
0.937368
0.860609
0.957024
0.755139
0.960954
0.931287
0.866315
0.893094
0.881978
0.943453
0.948215
0.957733
0.976552
0.954293
0.869478
0.943501
0.964330
0.930645
0.961820
0.970309
0.828030
0.621666
0.961836
0.938063
0.912953
0.926150
0.938858
0.950705
0.526307
0.950872
0.939130
0.938689
0.951839
0.942465
0.956404
0.967798
0.910395
0.913223
0.947190
0.953973
0.872582
0.967574
0.962310
0.951405
0.967202
0.905068
0.951816
0.959710
0.510224
0.954025
0.970302
0.953600
0.955611
0.568737
0.911168
0.964133
0.939682
0.952029
0.964211
0.951995
0.971170
0.729805
0.957521
0.567860
0.926628
0.971071
0.964651
0.985979
0.923660
0.953913
0.946744
0.958057
0.944851
0.962696
0.842165
0.933914
0.918266
0.954500
0.947292
0.976729
0.936153
0.955846
0.969420
0.694030
0.929422
0.959767
0.938930
0.828889
0.627554
0.962535
0.962499
0.966574
0.805452
0.930067
0.966638
0.501564
0.855968
0.891738
0.921199
0.956713
0.824078
0.901153
0.960932
0.809708
0.932912
0.983764
0.948390
0.889553
0.959929
0.947325
0.936195
0.958921
0.837961
0.967291
0.617191
0.920481
0.942468
0.925102
0.925451
0.969786
0.942343
0.666411
0.955179
0.800916
0.913338
0.876475
0.895165
0.949596
0.963601
0.950081
0.970345
0.592840
0.934509
0.962578
0.691900
0.965508
0.924030
0.962425
0.965178
0.611288
0.970371
0.911070
0.909792
0.914002
0.704356
0.933971
0.951585
0.948750
0.954241
0.943508
0.933273
0.950796
0.934164
0.960561
0.956899
0.927194
0.959342
0.969394
0.854900
0.957530
0.890366
0.960021
0.926332
0.930137
0.919777
0.787981
0.731714
0.863091
0.935970
0.962242
0.953975
0.991878
0.864125
0.912202
0.924324
0.972247
0.922060
0.953811
0.966303
0.955342
0.935692
0.874561
0.922898
0.928967
0.950237
0.945424
0.978073
0.922760
0.637788
0.942140
0.970546
0.932497
0.956888
0.553176
0.967092
0.946915
0.961243
0.960078
0.937967
0.952100
0.942068
0.816994
0.972292
0.945481
0.936058
0.959943
0.830332
0.957684
0.846981
0.954992
0.903955
0.949796
0.974278
0.844560
0.903745
0.953012
0.846468
0.948273
0.951822
0.853262
0.947170
0.906969
0.965006
0.953353
0.950612
0.957696
0.895762
0.868902
0.952757
0.890313
0.940905
0.938724
0.878908
0.907581
0.960569
0.943473
0.930234
0.940673
0.987811
0.966232
0.669863
0.966975
0.700557
0.908036
0.953394
0.958473
0.892739
0.922867
0.968793
0.963526
0.939214
0.944842
0.971556
0.874657
0.961394
0.950780
0.956205
0.840729
0.961085
0.963234
0.958123
0.868849
0.775028
0.950811
0.934655
0.899437
0.979113
0.933116
0.773368
0.953541
0.969656
0.964195
0.934577
0.898307
0.957740
0.921702
0.961996
0.907542
0.953181
0.925165
0.965704
0.959539
0.928436
0.944524
0.874679
0.726705
0.933268
0.959737
0.864068
0.915429
0.834806
0.923338
0.922458
0.579031
0.741580
0.704366
0.946721
0.901447
0.650632
0.945591
0.720601
0.821058
0.896777
0.886780
0.937799
0.885857
0.777661
0.904719
0.704214
0.871769
0.913658
0.795915
0.916975
0.916311
0.836348
0.911619
0.955160
0.887128
0.897402
0.923008
0.776372
0.882274
0.920028
0.665500
0.834377
0.881340
0.870062
0.907381
0.632346
0.907245
0.927307
0.944290
0.835099
0.521942
0.796405
0.946173
0.817348
0.875018
0.873275
0.942025
0.928097
0.914995
0.958886
0.889379
0.874189
0.949714
0.947475
0.904079
0.956351
0.792458
0.598199
0.901133
0.720464
0.957680
0.933655
0.923368
0.925227
0.876817
0.907745
0.919545
0.800076
0.707733
0.904714
0.802458
0.749078
0.808188
0.626710
0.726661
0.857457
0.803876
0.965607
0.942266
0.975404
0.840517
0.972313
0.884755
0.890907
0.626218
0.935632
0.744995
0.926620
0.940459
0.568187
0.595172
0.925698
0.893390
0.859690
0.848300
0.884547
0.908916
0.913899
0.904864
0.918931
0.897510
0.885624
0.743935
0.924628
0.955632
0.940921
0.863316
0.548868
0.858351
0.755943
0.839785
0.838811
0.831327
0.939720
0.939485
0.925602
0.937710
0.901992
0.899302
0.648711
0.679576
0.889001
0.847973
0.748302
0.504781
0.834964
0.612246
0.914069
0.885119
0.879998
0.781788
0.962508
0.939288
0.598331
0.920712
0.896023
0.714876
0.923372
0.901830
0.908947
0.726503
0.971446
0.852797
0.945865
0.844685
0.831952
0.822616
0.730862
0.874062
0.780203
0.933027
0.845941
0.934962
0.927239
0.916176
0.834287
0.944061
0.903814
0.830484
0.815801
0.917415
0.792413
0.541740
0.888240
0.513907
0.886582
0.902946
0.906247
0.908613
0.693449
0.569675
0.925790
0.921718
0.820469
0.869986
0.885901
0.941090
0.900319
0.904644
0.951041
0.878647
