1.000000000000000000e+00
9.365079365079365115e-01
9.133597883597883715e-01
8.842592592592593004e-01
8.604497354497354644e-01
8.458994708994709288e-01
8.419312169312169747e-01
8.366402116402116285e-01
8.313492063492063933e-01
8.300264550264550012e-01
8.287037037037037202e-01
8.253968253968253510e-01
8.207671957671958118e-01
8.148148148148147696e-01
8.115079365079365115e-01
8.042328042328041882e-01
8.002645502645502340e-01
7.989417989417989530e-01
7.943121693121693028e-01
7.923280423280423257e-01
7.890211640211640676e-01
7.857142857142856984e-01
7.857142857142856984e-01
7.830687830687830253e-01
7.830687830687830253e-01
7.824074074074074403e-01
7.824074074074074403e-01
7.817460317460317443e-01
7.804232804232804632e-01
7.797619047619047672e-01
7.791005291005290712e-01
7.777777777777777901e-01
7.771164021164020941e-01
7.751322751322751170e-01
7.731481481481481399e-01
7.731481481481481399e-01
7.718253968253968589e-01
7.718253968253968589e-01
7.711640211640211628e-01
7.705026455026454668e-01
7.698412698412698818e-01
7.685185185185184897e-01
7.678571428571429047e-01
7.665343915343915127e-01
7.665343915343915127e-01
7.658730158730159276e-01
7.658730158730159276e-01
7.658730158730159276e-01
7.645502645502645356e-01
7.645502645502645356e-01
7.638888888888888395e-01
7.632275132275132545e-01
7.632275132275132545e-01
7.625661375661375585e-01
7.625661375661375585e-01
7.625661375661375585e-01
7.625661375661375585e-01
7.625661375661375585e-01
7.619047619047618625e-01
7.612433862433862775e-01
7.605820105820105814e-01
7.599206349206348854e-01
7.599206349206348854e-01
7.592592592592593004e-01
7.592592592592593004e-01
7.592592592592593004e-01
7.592592592592593004e-01
7.585978835978836043e-01
7.579365079365079083e-01
7.579365079365079083e-01
7.572751322751323233e-01
7.572751322751323233e-01
7.566137566137566273e-01
7.559523809523809312e-01
7.552910052910053462e-01
7.552910052910053462e-01
7.552910052910053462e-01
7.552910052910053462e-01
7.552910052910053462e-01
7.546296296296296502e-01
7.533068783068782581e-01
7.533068783068782581e-01
7.533068783068782581e-01
7.533068783068782581e-01
7.533068783068782581e-01
7.533068783068782581e-01
7.533068783068782581e-01
7.533068783068782581e-01
7.533068783068782581e-01
7.526455026455026731e-01
7.526455026455026731e-01
7.519841269841269771e-01
7.513227513227512810e-01
7.513227513227512810e-01
7.513227513227512810e-01
7.513227513227512810e-01
7.513227513227512810e-01
7.513227513227512810e-01
7.513227513227512810e-01
7.513227513227512810e-01
7.513227513227512810e-01
7.513227513227512810e-01
7.513227513227512810e-01
7.513227513227512810e-01
7.513227513227512810e-01
7.513227513227512810e-01
7.513227513227512810e-01
7.506613756613756960e-01
7.506613756613756960e-01
7.500000000000000000e-01
7.500000000000000000e-01
7.493386243386243040e-01
7.486772486772487190e-01
7.486772486772487190e-01
7.480158730158730229e-01
7.480158730158730229e-01
7.480158730158730229e-01
7.480158730158730229e-01
7.473544973544973269e-01
7.473544973544973269e-01
7.466931216931217419e-01
7.466931216931217419e-01
7.453703703703703498e-01
7.447089947089946538e-01
7.447089947089946538e-01
7.447089947089946538e-01
7.440476190476190688e-01
7.440476190476190688e-01
7.440476190476190688e-01
7.440476190476190688e-01
7.433862433862433727e-01
7.433862433862433727e-01
7.433862433862433727e-01
7.427248677248676767e-01
7.427248677248676767e-01
7.427248677248676767e-01
7.427248677248676767e-01
7.420634920634920917e-01
7.420634920634920917e-01
7.420634920634920917e-01
7.420634920634920917e-01
7.420634920634920917e-01
7.420634920634920917e-01
7.420634920634920917e-01
7.414021164021163957e-01
7.414021164021163957e-01
7.414021164021163957e-01
7.414021164021163957e-01
7.414021164021163957e-01
7.407407407407406996e-01
7.407407407407406996e-01
7.407407407407406996e-01
7.407407407407406996e-01
7.407407407407406996e-01
7.407407407407406996e-01
7.400793650793651146e-01
7.400793650793651146e-01
7.394179894179894186e-01
7.394179894179894186e-01
7.387566137566137225e-01
7.380952380952381375e-01
7.380952380952381375e-01
7.380952380952381375e-01
7.380952380952381375e-01
7.380952380952381375e-01
7.380952380952381375e-01
7.374338624338624415e-01
7.374338624338624415e-01
7.374338624338624415e-01
7.374338624338624415e-01
7.367724867724867455e-01
7.361111111111111605e-01
7.361111111111111605e-01
7.354497354497354644e-01
7.354497354497354644e-01
7.354497354497354644e-01
7.347883597883597684e-01
7.347883597883597684e-01
7.347883597883597684e-01
7.347883597883597684e-01
7.347883597883597684e-01
7.347883597883597684e-01
7.347883597883597684e-01
7.347883597883597684e-01
7.347883597883597684e-01
7.347883597883597684e-01
7.347883597883597684e-01
7.347883597883597684e-01
7.347883597883597684e-01
7.347883597883597684e-01
7.347883597883597684e-01
7.347883597883597684e-01
7.347883597883597684e-01
7.347883597883597684e-01
7.347883597883597684e-01
7.347883597883597684e-01
7.347883597883597684e-01
7.347883597883597684e-01
7.347883597883597684e-01
7.347883597883597684e-01
