1.000000000000000000e+00
9.325396825396825573e-01
8.988095238095238360e-01
8.776455026455026731e-01
8.571428571428570953e-01
8.478835978835979059e-01
8.432539682539682557e-01
8.399470899470899976e-01
8.373015873015873245e-01
8.333333333333333703e-01
8.313492063492063933e-01
8.267195767195767431e-01
8.247354497354497660e-01
8.220899470899470929e-01
8.187830687830688348e-01
8.167989417989417467e-01
8.141534391534391846e-01
8.121693121693122075e-01
8.101851851851852304e-01
8.068783068783068613e-01
8.035714285714286031e-01
7.996031746031746490e-01
7.976190476190476719e-01
7.962962962962962798e-01
7.962962962962962798e-01
7.962962962962962798e-01
7.949735449735449988e-01
7.949735449735449988e-01
7.936507936507936067e-01
7.929894179894180217e-01
7.916666666666666297e-01
7.910052910052910446e-01
7.910052910052910446e-01
7.903439153439153486e-01
7.890211640211640676e-01
7.870370370370370905e-01
7.870370370370370905e-01
7.863756613756613945e-01
7.857142857142856984e-01
7.857142857142856984e-01
7.843915343915344174e-01
7.843915343915344174e-01
7.830687830687830253e-01
7.824074074074074403e-01
7.810846560846560482e-01
7.804232804232804632e-01
7.791005291005290712e-01
7.777777777777777901e-01
7.777777777777777901e-01
7.764550264550265091e-01
7.764550264550265091e-01
7.764550264550265091e-01
7.751322751322751170e-01
7.751322751322751170e-01
7.744708994708994210e-01
7.744708994708994210e-01
7.738095238095238360e-01
7.724867724867724439e-01
7.718253968253968589e-01
7.711640211640211628e-01
7.705026455026454668e-01
7.705026455026454668e-01
7.705026455026454668e-01
7.698412698412698818e-01
7.691798941798941858e-01
7.691798941798941858e-01
7.685185185185184897e-01
7.678571428571429047e-01
7.671957671957672087e-01
7.671957671957672087e-01
7.658730158730159276e-01
7.658730158730159276e-01
7.652116402116402316e-01
7.652116402116402316e-01
7.652116402116402316e-01
7.652116402116402316e-01
7.652116402116402316e-01
7.645502645502645356e-01
7.638888888888888395e-01
7.638888888888888395e-01
7.638888888888888395e-01
7.638888888888888395e-01
7.638888888888888395e-01
7.638888888888888395e-01
7.632275132275132545e-01
7.625661375661375585e-01
7.625661375661375585e-01
7.625661375661375585e-01
7.625661375661375585e-01
7.625661375661375585e-01
7.625661375661375585e-01
7.619047619047618625e-01
7.619047619047618625e-01
7.612433862433862775e-01
7.612433862433862775e-01
7.612433862433862775e-01
7.605820105820105814e-01
7.605820105820105814e-01
7.605820105820105814e-01
7.599206349206348854e-01
7.599206349206348854e-01
7.599206349206348854e-01
7.599206349206348854e-01
7.599206349206348854e-01
7.599206349206348854e-01
7.599206349206348854e-01
7.592592592592593004e-01
7.585978835978836043e-01
7.585978835978836043e-01
7.579365079365079083e-01
7.579365079365079083e-01
7.579365079365079083e-01
7.572751322751323233e-01
7.572751322751323233e-01
7.566137566137566273e-01
7.566137566137566273e-01
7.566137566137566273e-01
7.559523809523809312e-01
7.559523809523809312e-01
7.559523809523809312e-01
7.559523809523809312e-01
7.559523809523809312e-01
7.559523809523809312e-01
7.552910052910053462e-01
7.552910052910053462e-01
7.546296296296296502e-01
7.546296296296296502e-01
7.539682539682539542e-01
7.539682539682539542e-01
7.533068783068782581e-01
7.533068783068782581e-01
7.533068783068782581e-01
7.526455026455026731e-01
7.526455026455026731e-01
7.526455026455026731e-01
7.526455026455026731e-01
7.526455026455026731e-01
7.526455026455026731e-01
7.526455026455026731e-01
7.526455026455026731e-01
7.519841269841269771e-01
7.519841269841269771e-01
7.519841269841269771e-01
7.519841269841269771e-01
7.519841269841269771e-01
7.513227513227512810e-01
7.513227513227512810e-01
7.513227513227512810e-01
7.513227513227512810e-01
7.506613756613756960e-01
7.500000000000000000e-01
7.500000000000000000e-01
7.500000000000000000e-01
7.493386243386243040e-01
7.493386243386243040e-01
7.493386243386243040e-01
7.493386243386243040e-01
7.493386243386243040e-01
7.486772486772487190e-01
7.486772486772487190e-01
7.486772486772487190e-01
7.486772486772487190e-01
7.480158730158730229e-01
7.480158730158730229e-01
7.480158730158730229e-01
7.480158730158730229e-01
7.480158730158730229e-01
7.480158730158730229e-01
7.480158730158730229e-01
7.480158730158730229e-01
7.480158730158730229e-01
7.480158730158730229e-01
7.473544973544973269e-01
7.473544973544973269e-01
7.473544973544973269e-01
7.473544973544973269e-01
7.473544973544973269e-01
7.473544973544973269e-01
7.466931216931217419e-01
7.466931216931217419e-01
7.460317460317460458e-01
7.460317460317460458e-01
7.460317460317460458e-01
7.460317460317460458e-01
7.460317460317460458e-01
7.460317460317460458e-01
7.460317460317460458e-01
7.460317460317460458e-01
7.460317460317460458e-01
7.460317460317460458e-01
7.460317460317460458e-01
7.460317460317460458e-01
7.460317460317460458e-01
7.453703703703703498e-01
7.453703703703703498e-01
7.453703703703703498e-01
7.453703703703703498e-01
7.453703703703703498e-01
7.453703703703703498e-01
7.453703703703703498e-01
