1.000000000000000000e+00
9.272486772486772111e-01
8.908730158730159276e-01
8.657407407407406996e-01
8.492063492063491870e-01
8.366402116402116285e-01
8.339947089947089554e-01
8.306878306878306972e-01
8.273809523809523281e-01
8.207671957671958118e-01
8.161375661375661617e-01
8.121693121693122075e-01
8.095238095238095344e-01
8.088624338624338383e-01
8.048941798941798842e-01
8.015873015873016261e-01
7.976190476190476719e-01
7.929894179894180217e-01
7.903439153439153486e-01
7.863756613756613945e-01
7.843915343915344174e-01
7.791005291005290712e-01
7.784391534391534861e-01
7.764550264550265091e-01
7.757936507936508130e-01
7.757936507936508130e-01
7.757936507936508130e-01
7.738095238095238360e-01
7.738095238095238360e-01
7.724867724867724439e-01
7.724867724867724439e-01
7.724867724867724439e-01
7.724867724867724439e-01
7.705026455026454668e-01
7.698412698412698818e-01
7.691798941798941858e-01
7.678571428571429047e-01
7.665343915343915127e-01
7.658730158730159276e-01
7.658730158730159276e-01
7.652116402116402316e-01
7.632275132275132545e-01
7.619047619047618625e-01
7.612433862433862775e-01
7.605820105820105814e-01
7.605820105820105814e-01
7.599206349206348854e-01
7.599206349206348854e-01
7.572751322751323233e-01
7.566137566137566273e-01
7.559523809523809312e-01
7.552910052910053462e-01
7.546296296296296502e-01
7.546296296296296502e-01
7.546296296296296502e-01
7.546296296296296502e-01
7.539682539682539542e-01
7.539682539682539542e-01
7.539682539682539542e-01
7.519841269841269771e-01
7.513227513227512810e-01
7.513227513227512810e-01
7.493386243386243040e-01
7.486772486772487190e-01
7.486772486772487190e-01
7.486772486772487190e-01
7.480158730158730229e-01
7.480158730158730229e-01
7.473544973544973269e-01
7.473544973544973269e-01
7.466931216931217419e-01
7.460317460317460458e-01
7.460317460317460458e-01
7.460317460317460458e-01
7.453703703703703498e-01
7.453703703703703498e-01
7.440476190476190688e-01
7.440476190476190688e-01
7.440476190476190688e-01
7.440476190476190688e-01
7.433862433862433727e-01
7.427248677248676767e-01
7.427248677248676767e-01
7.427248677248676767e-01
7.427248677248676767e-01
7.420634920634920917e-01
7.420634920634920917e-01
7.414021164021163957e-01
7.414021164021163957e-01
7.414021164021163957e-01
7.407407407407406996e-01
7.407407407407406996e-01
7.400793650793651146e-01
7.400793650793651146e-01
7.400793650793651146e-01
7.400793650793651146e-01
7.400793650793651146e-01
7.400793650793651146e-01
7.400793650793651146e-01
7.400793650793651146e-01
7.400793650793651146e-01
7.400793650793651146e-01
7.394179894179894186e-01
7.394179894179894186e-01
7.394179894179894186e-01
7.394179894179894186e-01
7.394179894179894186e-01
7.394179894179894186e-01
7.387566137566137225e-01
7.387566137566137225e-01
7.380952380952381375e-01
7.380952380952381375e-01
7.367724867724867455e-01
7.354497354497354644e-01
7.347883597883597684e-01
7.347883597883597684e-01
7.347883597883597684e-01
7.341269841269840724e-01
7.341269841269840724e-01
7.341269841269840724e-01
7.341269841269840724e-01
7.341269841269840724e-01
7.334656084656084873e-01
7.334656084656084873e-01
7.334656084656084873e-01
7.328042328042327913e-01
7.328042328042327913e-01
7.328042328042327913e-01
7.328042328042327913e-01
7.328042328042327913e-01
7.321428571428570953e-01
7.321428571428570953e-01
7.321428571428570953e-01
7.321428571428570953e-01
7.321428571428570953e-01
7.321428571428570953e-01
7.314814814814815103e-01
7.314814814814815103e-01
7.314814814814815103e-01
7.308201058201058142e-01
7.308201058201058142e-01
7.308201058201058142e-01
7.308201058201058142e-01
7.308201058201058142e-01
7.301587301587301182e-01
7.301587301587301182e-01
7.301587301587301182e-01
7.301587301587301182e-01
7.294973544973545332e-01
7.294973544973545332e-01
7.294973544973545332e-01
7.288359788359788372e-01
7.288359788359788372e-01
7.288359788359788372e-01
7.281746031746031411e-01
7.281746031746031411e-01
7.281746031746031411e-01
7.281746031746031411e-01
7.281746031746031411e-01
7.275132275132275561e-01
7.275132275132275561e-01
7.275132275132275561e-01
7.275132275132275561e-01
7.275132275132275561e-01
7.275132275132275561e-01
7.275132275132275561e-01
7.275132275132275561e-01
7.268518518518518601e-01
7.268518518518518601e-01
7.261904761904761640e-01
7.248677248677248830e-01
7.248677248677248830e-01
7.248677248677248830e-01
7.248677248677248830e-01
7.248677248677248830e-01
7.248677248677248830e-01
7.242063492063491870e-01
7.242063492063491870e-01
7.235449735449734909e-01
7.235449735449734909e-01
7.235449735449734909e-01
7.222222222222222099e-01
7.222222222222222099e-01
7.222222222222222099e-01
7.222222222222222099e-01
7.215608465608465139e-01
7.215608465608465139e-01
7.208994708994709288e-01
7.208994708994709288e-01
7.208994708994709288e-01
7.208994708994709288e-01
7.202380952380952328e-01
7.202380952380952328e-01
7.202380952380952328e-01
7.202380952380952328e-01
7.195767195767195368e-01
7.195767195767195368e-01
7.189153439153439518e-01
7.189153439153439518e-01
7.182539682539682557e-01
