1.000000000000000000e+00
9.358465608465608154e-01
9.080687830687830253e-01
8.842592592592593004e-01
8.677248677248676767e-01
8.617724867724867455e-01
8.578042328042327913e-01
8.564814814814815103e-01
8.525132275132275561e-01
8.465608465608465139e-01
8.419312169312169747e-01
8.386243386243386055e-01
8.379629629629629095e-01
8.333333333333333703e-01
8.306878306878306972e-01
8.280423280423280241e-01
8.234126984126983739e-01
8.207671957671958118e-01
8.181216931216931387e-01
8.141534391534391846e-01
8.108465608465608154e-01
8.075396825396825573e-01
8.062169312169311652e-01
8.062169312169311652e-01
8.055555555555555802e-01
8.035714285714286031e-01
8.035714285714286031e-01
8.022486772486772111e-01
8.015873015873016261e-01
7.996031746031746490e-01
7.982804232804232569e-01
7.976190476190476719e-01
7.962962962962962798e-01
7.949735449735449988e-01
7.949735449735449988e-01
7.936507936507936067e-01
7.923280423280423257e-01
7.910052910052910446e-01
7.903439153439153486e-01
7.890211640211640676e-01
7.876984126984126755e-01
7.863756613756613945e-01
7.857142857142856984e-01
7.850529100529100024e-01
7.850529100529100024e-01
7.850529100529100024e-01
7.843915343915344174e-01
7.837301587301587213e-01
7.837301587301587213e-01
7.824074074074074403e-01
7.824074074074074403e-01
7.824074074074074403e-01
7.817460317460317443e-01
7.817460317460317443e-01
7.810846560846560482e-01
7.810846560846560482e-01
7.804232804232804632e-01
7.797619047619047672e-01
7.791005291005290712e-01
7.777777777777777901e-01
7.771164021164020941e-01
7.764550264550265091e-01
7.757936507936508130e-01
7.757936507936508130e-01
7.757936507936508130e-01
7.757936507936508130e-01
7.751322751322751170e-01
7.751322751322751170e-01
7.744708994708994210e-01
7.738095238095238360e-01
7.738095238095238360e-01
7.738095238095238360e-01
7.738095238095238360e-01
7.731481481481481399e-01
7.731481481481481399e-01
7.724867724867724439e-01
7.718253968253968589e-01
7.718253968253968589e-01
7.711640211640211628e-01
7.711640211640211628e-01
7.711640211640211628e-01
7.711640211640211628e-01
7.705026455026454668e-01
7.705026455026454668e-01
7.698412698412698818e-01
7.698412698412698818e-01
7.698412698412698818e-01
7.691798941798941858e-01
7.691798941798941858e-01
7.685185185185184897e-01
7.685185185185184897e-01
7.678571428571429047e-01
7.678571428571429047e-01
7.678571428571429047e-01
7.678571428571429047e-01
7.671957671957672087e-01
7.665343915343915127e-01
7.658730158730159276e-01
7.658730158730159276e-01
7.658730158730159276e-01
7.652116402116402316e-01
7.645502645502645356e-01
7.645502645502645356e-01
7.645502645502645356e-01
7.645502645502645356e-01
7.645502645502645356e-01
7.638888888888888395e-01
7.638888888888888395e-01
7.638888888888888395e-01
7.638888888888888395e-01
7.638888888888888395e-01
7.638888888888888395e-01
7.632275132275132545e-01
7.632275132275132545e-01
7.632275132275132545e-01
7.625661375661375585e-01
7.619047619047618625e-01
7.619047619047618625e-01
7.619047619047618625e-01
7.619047619047618625e-01
7.619047619047618625e-01
7.619047619047618625e-01
7.612433862433862775e-01
7.605820105820105814e-01
7.605820105820105814e-01
7.599206349206348854e-01
7.599206349206348854e-01
7.599206349206348854e-01
7.599206349206348854e-01
7.599206349206348854e-01
7.599206349206348854e-01
7.592592592592593004e-01
7.592592592592593004e-01
7.585978835978836043e-01
7.579365079365079083e-01
7.579365079365079083e-01
7.579365079365079083e-01
7.579365079365079083e-01
7.579365079365079083e-01
7.572751322751323233e-01
7.572751322751323233e-01
7.572751322751323233e-01
7.566137566137566273e-01
7.566137566137566273e-01
7.559523809523809312e-01
7.559523809523809312e-01
7.552910052910053462e-01
7.552910052910053462e-01
7.552910052910053462e-01
7.552910052910053462e-01
7.546296296296296502e-01
7.546296296296296502e-01
7.539682539682539542e-01
7.539682539682539542e-01
7.539682539682539542e-01
7.533068783068782581e-01
7.533068783068782581e-01
7.526455026455026731e-01
7.526455026455026731e-01
7.526455026455026731e-01
7.526455026455026731e-01
7.526455026455026731e-01
7.526455026455026731e-01
7.526455026455026731e-01
7.519841269841269771e-01
7.519841269841269771e-01
7.519841269841269771e-01
7.513227513227512810e-01
7.513227513227512810e-01
7.513227513227512810e-01
7.506613756613756960e-01
7.506613756613756960e-01
7.506613756613756960e-01
7.506613756613756960e-01
7.506613756613756960e-01
7.500000000000000000e-01
7.500000000000000000e-01
7.500000000000000000e-01
7.486772486772487190e-01
7.486772486772487190e-01
7.486772486772487190e-01
7.486772486772487190e-01
7.486772486772487190e-01
7.486772486772487190e-01
7.480158730158730229e-01
7.480158730158730229e-01
7.480158730158730229e-01
7.480158730158730229e-01
7.480158730158730229e-01
7.480158730158730229e-01
7.480158730158730229e-01
7.473544973544973269e-01
7.473544973544973269e-01
7.473544973544973269e-01
7.473544973544973269e-01
7.473544973544973269e-01
7.473544973544973269e-01
7.473544973544973269e-01
7.473544973544973269e-01
7.473544973544973269e-01
