1.000000000000000000e+00
9.384920634920634885e-01
9.014550264550265091e-01
8.769841269841269771e-01
8.578042328042327913e-01
8.386243386243386055e-01
8.240740740740740700e-01
8.194444444444444198e-01
8.181216931216931387e-01
8.128306878306877925e-01
8.121693121693122075e-01
8.075396825396825573e-01
8.062169312169311652e-01
8.029100529100529071e-01
7.996031746031746490e-01
7.989417989417989530e-01
7.982804232804232569e-01
7.949735449735449988e-01
7.929894179894180217e-01
7.923280423280423257e-01
7.916666666666666297e-01
7.896825396825396526e-01
7.883597883597883715e-01
7.883597883597883715e-01
7.883597883597883715e-01
7.857142857142856984e-01
7.817460317460317443e-01
7.797619047619047672e-01
7.784391534391534861e-01
7.784391534391534861e-01
7.771164021164020941e-01
7.751322751322751170e-01
7.744708994708994210e-01
7.738095238095238360e-01
7.731481481481481399e-01
7.731481481481481399e-01
7.718253968253968589e-01
7.718253968253968589e-01
7.718253968253968589e-01
7.711640211640211628e-01
7.711640211640211628e-01
7.705026455026454668e-01
7.698412698412698818e-01
7.698412698412698818e-01
7.691798941798941858e-01
7.678571428571429047e-01
7.678571428571429047e-01
7.678571428571429047e-01
7.671957671957672087e-01
7.671957671957672087e-01
7.671957671957672087e-01
7.671957671957672087e-01
7.665343915343915127e-01
7.652116402116402316e-01
7.652116402116402316e-01
7.645502645502645356e-01
7.645502645502645356e-01
7.645502645502645356e-01
7.632275132275132545e-01
7.619047619047618625e-01
7.605820105820105814e-01
7.599206349206348854e-01
7.599206349206348854e-01
7.585978835978836043e-01
7.579365079365079083e-01
7.572751322751323233e-01
7.559523809523809312e-01
7.559523809523809312e-01
7.546296296296296502e-01
7.546296296296296502e-01
7.539682539682539542e-01
7.533068783068782581e-01
7.526455026455026731e-01
7.519841269841269771e-01
7.519841269841269771e-01
7.519841269841269771e-01
7.513227513227512810e-01
7.506613756613756960e-01
7.493386243386243040e-01
7.493386243386243040e-01
7.493386243386243040e-01
7.486772486772487190e-01
7.480158730158730229e-01
7.480158730158730229e-01
7.480158730158730229e-01
7.480158730158730229e-01
7.473544973544973269e-01
7.473544973544973269e-01
7.473544973544973269e-01
7.473544973544973269e-01
7.473544973544973269e-01
7.473544973544973269e-01
7.466931216931217419e-01
7.466931216931217419e-01
7.466931216931217419e-01
7.466931216931217419e-01
7.466931216931217419e-01
7.466931216931217419e-01
7.466931216931217419e-01
7.460317460317460458e-01
7.460317460317460458e-01
7.460317460317460458e-01
7.460317460317460458e-01
7.453703703703703498e-01
7.440476190476190688e-01
7.440476190476190688e-01
7.440476190476190688e-01
7.440476190476190688e-01
7.440476190476190688e-01
7.433862433862433727e-01
7.433862433862433727e-01
7.433862433862433727e-01
7.433862433862433727e-01
7.433862433862433727e-01
7.433862433862433727e-01
7.433862433862433727e-01
7.433862433862433727e-01
7.433862433862433727e-01
7.433862433862433727e-01
7.433862433862433727e-01
7.433862433862433727e-01
7.433862433862433727e-01
7.427248677248676767e-01
7.427248677248676767e-01
7.427248677248676767e-01
7.420634920634920917e-01
7.420634920634920917e-01
7.420634920634920917e-01
7.414021164021163957e-01
7.414021164021163957e-01
7.414021164021163957e-01
7.407407407407406996e-01
7.407407407407406996e-01
7.400793650793651146e-01
7.400793650793651146e-01
7.400793650793651146e-01
7.394179894179894186e-01
7.394179894179894186e-01
7.394179894179894186e-01
7.394179894179894186e-01
7.387566137566137225e-01
7.387566137566137225e-01
7.387566137566137225e-01
7.380952380952381375e-01
7.380952380952381375e-01
7.380952380952381375e-01
7.380952380952381375e-01
7.380952380952381375e-01
7.380952380952381375e-01
7.380952380952381375e-01
7.380952380952381375e-01
7.380952380952381375e-01
7.380952380952381375e-01
7.380952380952381375e-01
7.380952380952381375e-01
7.380952380952381375e-01
7.380952380952381375e-01
7.380952380952381375e-01
7.380952380952381375e-01
7.380952380952381375e-01
7.380952380952381375e-01
7.380952380952381375e-01
7.380952380952381375e-01
7.380952380952381375e-01
7.380952380952381375e-01
7.380952380952381375e-01
7.380952380952381375e-01
7.380952380952381375e-01
7.380952380952381375e-01
7.374338624338624415e-01
7.367724867724867455e-01
7.367724867724867455e-01
7.361111111111111605e-01
7.361111111111111605e-01
7.354497354497354644e-01
7.354497354497354644e-01
7.354497354497354644e-01
7.354497354497354644e-01
7.354497354497354644e-01
7.354497354497354644e-01
7.347883597883597684e-01
7.341269841269840724e-01
7.341269841269840724e-01
7.341269841269840724e-01
7.341269841269840724e-01
7.341269841269840724e-01
7.341269841269840724e-01
7.334656084656084873e-01
7.334656084656084873e-01
7.334656084656084873e-01
7.334656084656084873e-01
7.328042328042327913e-01
7.321428571428570953e-01
7.321428571428570953e-01
7.321428571428570953e-01
7.321428571428570953e-01
7.321428571428570953e-01
7.321428571428570953e-01
7.321428571428570953e-01
7.321428571428570953e-01
