1.000000000000000000e+00
9.305555555555555802e-01
8.928571428571429047e-01
8.716931216931217419e-01
8.525132275132275561e-01
8.439153439153439518e-01
8.399470899470899976e-01
8.366402116402116285e-01
8.339947089947089554e-01
8.280423280423280241e-01
8.214285714285713969e-01
8.174603174603174427e-01
8.115079365079365115e-01
8.088624338624338383e-01
8.055555555555555802e-01
8.002645502645502340e-01
7.949735449735449988e-01
7.929894179894180217e-01
7.890211640211640676e-01
7.870370370370370905e-01
7.837301587301587213e-01
7.810846560846560482e-01
7.791005291005290712e-01
7.771164021164020941e-01
7.764550264550265091e-01
7.764550264550265091e-01
7.757936507936508130e-01
7.751322751322751170e-01
7.731481481481481399e-01
7.731481481481481399e-01
7.718253968253968589e-01
7.711640211640211628e-01
7.711640211640211628e-01
7.698412698412698818e-01
7.698412698412698818e-01
7.691798941798941858e-01
7.685185185185184897e-01
7.678571428571429047e-01
7.671957671957672087e-01
7.665343915343915127e-01
7.658730158730159276e-01
7.632275132275132545e-01
7.632275132275132545e-01
7.625661375661375585e-01
7.612433862433862775e-01
7.612433862433862775e-01
7.605820105820105814e-01
7.605820105820105814e-01
7.585978835978836043e-01
7.585978835978836043e-01
7.566137566137566273e-01
7.566137566137566273e-01
7.566137566137566273e-01
7.559523809523809312e-01
7.559523809523809312e-01
7.559523809523809312e-01
7.552910052910053462e-01
7.546296296296296502e-01
7.539682539682539542e-01
7.533068783068782581e-01
7.526455026455026731e-01
7.526455026455026731e-01
7.526455026455026731e-01
7.519841269841269771e-01
7.513227513227512810e-01
7.513227513227512810e-01
7.513227513227512810e-01
7.506613756613756960e-01
7.500000000000000000e-01
7.486772486772487190e-01
7.486772486772487190e-01
7.486772486772487190e-01
7.480158730158730229e-01
7.480158730158730229e-01
7.480158730158730229e-01
7.480158730158730229e-01
7.480158730158730229e-01
7.480158730158730229e-01
7.473544973544973269e-01
7.473544973544973269e-01
7.466931216931217419e-01
7.466931216931217419e-01
7.466931216931217419e-01
7.466931216931217419e-01
7.466931216931217419e-01
7.466931216931217419e-01
7.460317460317460458e-01
7.460317460317460458e-01
7.460317460317460458e-01
7.447089947089946538e-01
7.447089947089946538e-01
7.447089947089946538e-01
7.440476190476190688e-01
7.440476190476190688e-01
7.433862433862433727e-01
7.433862433862433727e-01
7.433862433862433727e-01
7.433862433862433727e-01
7.433862433862433727e-01
7.433862433862433727e-01
7.433862433862433727e-01
7.427248677248676767e-01
7.427248677248676767e-01
7.427248677248676767e-01
7.427248677248676767e-01
7.427248677248676767e-01
7.427248677248676767e-01
7.427248677248676767e-01
7.420634920634920917e-01
7.420634920634920917e-01
7.414021164021163957e-01
7.414021164021163957e-01
7.407407407407406996e-01
7.407407407407406996e-01
7.407407407407406996e-01
7.407407407407406996e-01
7.400793650793651146e-01
7.400793650793651146e-01
7.394179894179894186e-01
7.394179894179894186e-01
7.387566137566137225e-01
7.387566137566137225e-01
7.380952380952381375e-01
7.380952380952381375e-01
7.380952380952381375e-01
7.380952380952381375e-01
7.380952380952381375e-01
7.380952380952381375e-01
7.374338624338624415e-01
7.367724867724867455e-01
7.367724867724867455e-01
7.367724867724867455e-01
7.354497354497354644e-01
7.354497354497354644e-01
7.354497354497354644e-01
7.354497354497354644e-01
7.354497354497354644e-01
7.354497354497354644e-01
7.347883597883597684e-01
7.347883597883597684e-01
7.347883597883597684e-01
7.347883597883597684e-01
7.347883597883597684e-01
7.347883597883597684e-01
7.347883597883597684e-01
7.347883597883597684e-01
7.347883597883597684e-01
7.341269841269840724e-01
7.341269841269840724e-01
7.341269841269840724e-01
7.341269841269840724e-01
7.334656084656084873e-01
7.328042328042327913e-01
7.328042328042327913e-01
7.328042328042327913e-01
7.328042328042327913e-01
7.328042328042327913e-01
7.328042328042327913e-01
7.328042328042327913e-01
7.328042328042327913e-01
7.328042328042327913e-01
7.328042328042327913e-01
7.328042328042327913e-01
7.328042328042327913e-01
7.321428571428570953e-01
7.321428571428570953e-01
7.321428571428570953e-01
7.321428571428570953e-01
7.321428571428570953e-01
7.321428571428570953e-01
7.314814814814815103e-01
7.314814814814815103e-01
7.314814814814815103e-01
7.314814814814815103e-01
7.314814814814815103e-01
7.314814814814815103e-01
7.314814814814815103e-01
7.314814814814815103e-01
7.314814814814815103e-01
7.314814814814815103e-01
7.314814814814815103e-01
7.314814814814815103e-01
7.314814814814815103e-01
7.308201058201058142e-01
7.308201058201058142e-01
7.301587301587301182e-01
7.301587301587301182e-01
7.301587301587301182e-01
7.301587301587301182e-01
7.301587301587301182e-01
7.301587301587301182e-01
7.301587301587301182e-01
7.301587301587301182e-01
7.294973544973545332e-01
7.294973544973545332e-01
7.294973544973545332e-01
7.294973544973545332e-01
7.294973544973545332e-01
7.294973544973545332e-01
7.288359788359788372e-01
