1.000000000000000000e+00
9.292328042328041882e-01
8.928571428571429047e-01
8.690476190476190688e-01
8.465608465608465139e-01
8.313492063492063933e-01
8.234126984126983739e-01
8.167989417989417467e-01
8.128306878306877925e-01
8.101851851851852304e-01
8.055555555555555802e-01
8.035714285714286031e-01
8.015873015873016261e-01
7.982804232804232569e-01
7.956349206349205838e-01
7.936507936507936067e-01
7.903439153439153486e-01
7.850529100529100024e-01
7.837301587301587213e-01
7.824074074074074403e-01
7.824074074074074403e-01
7.817460317460317443e-01
7.791005291005290712e-01
7.757936507936508130e-01
7.751322751322751170e-01
7.744708994708994210e-01
7.744708994708994210e-01
7.738095238095238360e-01
7.731481481481481399e-01
7.724867724867724439e-01
7.711640211640211628e-01
7.711640211640211628e-01
7.705026455026454668e-01
7.705026455026454668e-01
7.698412698412698818e-01
7.691798941798941858e-01
7.678571428571429047e-01
7.671957671957672087e-01
7.658730158730159276e-01
7.652116402116402316e-01
7.638888888888888395e-01
7.638888888888888395e-01
7.632275132275132545e-01
7.625661375661375585e-01
7.619047619047618625e-01
7.612433862433862775e-01
7.605820105820105814e-01
7.605820105820105814e-01
7.605820105820105814e-01
7.592592592592593004e-01
7.585978835978836043e-01
7.585978835978836043e-01
7.585978835978836043e-01
7.585978835978836043e-01
7.572751322751323233e-01
7.572751322751323233e-01
7.566137566137566273e-01
7.566137566137566273e-01
7.559523809523809312e-01
7.559523809523809312e-01
7.559523809523809312e-01
7.552910052910053462e-01
7.546296296296296502e-01
7.546296296296296502e-01
7.539682539682539542e-01
7.533068783068782581e-01
7.533068783068782581e-01
7.519841269841269771e-01
7.513227513227512810e-01
7.513227513227512810e-01
7.513227513227512810e-01
7.513227513227512810e-01
7.513227513227512810e-01
7.513227513227512810e-01
7.513227513227512810e-01
7.513227513227512810e-01
7.500000000000000000e-01
7.500000000000000000e-01
7.493386243386243040e-01
7.493386243386243040e-01
7.493386243386243040e-01
7.493386243386243040e-01
7.493386243386243040e-01
7.486772486772487190e-01
7.480158730158730229e-01
7.480158730158730229e-01
7.480158730158730229e-01
7.480158730158730229e-01
7.473544973544973269e-01
7.466931216931217419e-01
7.460317460317460458e-01
7.460317460317460458e-01
7.460317460317460458e-01
7.460317460317460458e-01
7.460317460317460458e-01
7.460317460317460458e-01
7.460317460317460458e-01
7.447089947089946538e-01
7.447089947089946538e-01
7.447089947089946538e-01
7.440476190476190688e-01
7.433862433862433727e-01
7.433862433862433727e-01
7.433862433862433727e-01
7.433862433862433727e-01
7.433862433862433727e-01
7.433862433862433727e-01
7.433862433862433727e-01
7.433862433862433727e-01
7.433862433862433727e-01
7.433862433862433727e-01
7.433862433862433727e-01
7.427248677248676767e-01
7.427248677248676767e-01
7.420634920634920917e-01
7.420634920634920917e-01
7.420634920634920917e-01
7.414021164021163957e-01
7.414021164021163957e-01
7.414021164021163957e-01
7.414021164021163957e-01
7.414021164021163957e-01
7.414021164021163957e-01
7.414021164021163957e-01
7.414021164021163957e-01
7.414021164021163957e-01
7.414021164021163957e-01
7.400793650793651146e-01
7.400793650793651146e-01
7.400793650793651146e-01
7.394179894179894186e-01
7.394179894179894186e-01
7.394179894179894186e-01
7.394179894179894186e-01
7.394179894179894186e-01
7.394179894179894186e-01
7.394179894179894186e-01
7.387566137566137225e-01
7.387566137566137225e-01
7.387566137566137225e-01
7.387566137566137225e-01
7.387566137566137225e-01
7.387566137566137225e-01
7.387566137566137225e-01
7.387566137566137225e-01
7.387566137566137225e-01
7.380952380952381375e-01
7.380952380952381375e-01
7.374338624338624415e-01
7.374338624338624415e-01
7.374338624338624415e-01
7.367724867724867455e-01
7.367724867724867455e-01
7.361111111111111605e-01
7.361111111111111605e-01
7.361111111111111605e-01
7.361111111111111605e-01
7.361111111111111605e-01
7.361111111111111605e-01
7.361111111111111605e-01
7.361111111111111605e-01
7.361111111111111605e-01
7.361111111111111605e-01
7.361111111111111605e-01
7.354497354497354644e-01
7.354497354497354644e-01
7.354497354497354644e-01
7.347883597883597684e-01
7.347883597883597684e-01
7.347883597883597684e-01
7.347883597883597684e-01
7.341269841269840724e-01
7.341269841269840724e-01
7.334656084656084873e-01
7.334656084656084873e-01
7.328042328042327913e-01
7.328042328042327913e-01
7.328042328042327913e-01
7.328042328042327913e-01
7.328042328042327913e-01
7.328042328042327913e-01
7.328042328042327913e-01
7.328042328042327913e-01
7.328042328042327913e-01
7.328042328042327913e-01
7.328042328042327913e-01
7.321428571428570953e-01
7.321428571428570953e-01
7.321428571428570953e-01
7.321428571428570953e-01
7.314814814814815103e-01
7.308201058201058142e-01
7.308201058201058142e-01
7.301587301587301182e-01
7.301587301587301182e-01
7.301587301587301182e-01
7.301587301587301182e-01
7.301587301587301182e-01
7.301587301587301182e-01
7.301587301587301182e-01
