1.000000000000000000e+00
9.318783068783068613e-01
8.961640211640211628e-01
8.683862433862433727e-01
8.439153439153439518e-01
8.267195767195767431e-01
8.115079365079365115e-01
8.042328042328041882e-01
8.009259259259259300e-01
7.969576719576719759e-01
7.923280423280423257e-01
7.903439153439153486e-01
7.870370370370370905e-01
7.837301587301587213e-01
7.810846560846560482e-01
7.757936507936508130e-01
7.724867724867724439e-01
7.705026455026454668e-01
7.678571428571429047e-01
7.665343915343915127e-01
7.645502645502645356e-01
7.632275132275132545e-01
7.625661375661375585e-01
7.619047619047618625e-01
7.619047619047618625e-01
7.605820105820105814e-01
7.599206349206348854e-01
7.585978835978836043e-01
7.566137566137566273e-01
7.552910052910053462e-01
7.539682539682539542e-01
7.519841269841269771e-01
7.513227513227512810e-01
7.493386243386243040e-01
7.473544973544973269e-01
7.466931216931217419e-01
7.447089947089946538e-01
7.440476190476190688e-01
7.440476190476190688e-01
7.440476190476190688e-01
7.440476190476190688e-01
7.440476190476190688e-01
7.433862433862433727e-01
7.420634920634920917e-01
7.420634920634920917e-01
7.414021164021163957e-01
7.414021164021163957e-01
7.414021164021163957e-01
7.414021164021163957e-01
7.407407407407406996e-01
7.407407407407406996e-01
7.394179894179894186e-01
7.380952380952381375e-01
7.374338624338624415e-01
7.361111111111111605e-01
7.354497354497354644e-01
7.354497354497354644e-01
7.341269841269840724e-01
7.334656084656084873e-01
7.334656084656084873e-01
7.328042328042327913e-01
7.321428571428570953e-01
7.301587301587301182e-01
7.301587301587301182e-01
7.301587301587301182e-01
7.288359788359788372e-01
7.288359788359788372e-01
7.275132275132275561e-01
7.275132275132275561e-01
7.275132275132275561e-01
7.275132275132275561e-01
7.275132275132275561e-01
7.268518518518518601e-01
7.268518518518518601e-01
7.261904761904761640e-01
7.261904761904761640e-01
7.255291005291005790e-01
7.255291005291005790e-01
7.248677248677248830e-01
7.248677248677248830e-01
7.235449735449734909e-01
7.235449735449734909e-01
7.228835978835979059e-01
7.222222222222222099e-01
7.222222222222222099e-01
7.222222222222222099e-01
7.215608465608465139e-01
7.215608465608465139e-01
7.215608465608465139e-01
7.208994708994709288e-01
7.202380952380952328e-01
7.195767195767195368e-01
7.195767195767195368e-01
7.195767195767195368e-01
7.195767195767195368e-01
7.195767195767195368e-01
7.195767195767195368e-01
7.195767195767195368e-01
7.195767195767195368e-01
7.189153439153439518e-01
7.189153439153439518e-01
7.182539682539682557e-01
7.175925925925925597e-01
7.175925925925925597e-01
7.175925925925925597e-01
7.175925925925925597e-01
7.169312169312169747e-01
7.169312169312169747e-01
7.169312169312169747e-01
7.169312169312169747e-01
7.169312169312169747e-01
7.169312169312169747e-01
7.169312169312169747e-01
7.169312169312169747e-01
7.169312169312169747e-01
7.169312169312169747e-01
7.169312169312169747e-01
7.169312169312169747e-01
7.169312169312169747e-01
7.169312169312169747e-01
7.162698412698412787e-01
7.162698412698412787e-01
7.156084656084655826e-01
7.156084656084655826e-01
7.156084656084655826e-01
7.156084656084655826e-01
7.156084656084655826e-01
7.156084656084655826e-01
7.156084656084655826e-01
7.142857142857143016e-01
7.142857142857143016e-01
7.142857142857143016e-01
7.136243386243386055e-01
7.136243386243386055e-01
7.136243386243386055e-01
7.136243386243386055e-01
7.136243386243386055e-01
7.129629629629629095e-01
7.129629629629629095e-01
7.129629629629629095e-01
7.123015873015873245e-01
7.123015873015873245e-01
7.116402116402116285e-01
7.116402116402116285e-01
7.116402116402116285e-01
7.116402116402116285e-01
7.116402116402116285e-01
7.116402116402116285e-01
7.116402116402116285e-01
7.116402116402116285e-01
7.116402116402116285e-01
7.116402116402116285e-01
7.116402116402116285e-01
7.116402116402116285e-01
7.109788359788359324e-01
7.103174603174603474e-01
7.103174603174603474e-01
7.096560846560846514e-01
7.096560846560846514e-01
7.096560846560846514e-01
7.096560846560846514e-01
7.096560846560846514e-01
7.096560846560846514e-01
7.096560846560846514e-01
7.096560846560846514e-01
7.096560846560846514e-01
7.089947089947089554e-01
7.089947089947089554e-01
7.089947089947089554e-01
7.089947089947089554e-01
7.089947089947089554e-01
7.089947089947089554e-01
7.089947089947089554e-01
7.089947089947089554e-01
7.089947089947089554e-01
7.089947089947089554e-01
7.089947089947089554e-01
7.089947089947089554e-01
7.089947089947089554e-01
7.089947089947089554e-01
7.083333333333333703e-01
7.076719576719576743e-01
7.076719576719576743e-01
7.076719576719576743e-01
7.076719576719576743e-01
7.070105820105819783e-01
7.063492063492063933e-01
7.050264550264550012e-01
7.043650793650794162e-01
7.037037037037037202e-01
7.037037037037037202e-01
7.030423280423280241e-01
7.030423280423280241e-01
7.030423280423280241e-01
7.030423280423280241e-01
7.030423280423280241e-01
7.023809523809523281e-01
7.023809523809523281e-01
7.023809523809523281e-01
7.017195767195767431e-01
