1.000000000000000000e+00
9.878447872837774479e-01
9.728845254791959052e-01
9.424964936886395250e-01
9.326788218793828911e-01
9.322113136979897074e-01
9.284712482468443495e-01
9.233286582515194407e-01
9.172510518934081647e-01
9.097709209911173378e-01
8.980832164562879694e-01
8.863955119214586009e-01
8.849929873772790501e-01
8.845254791958859775e-01
8.831229546517064266e-01
8.826554464703132430e-01
8.817204301075268758e-01
8.803179055633473249e-01
8.789153810191678851e-01
8.751753155680224161e-01
8.751753155680224161e-01
8.751753155680224161e-01
8.751753155680224161e-01
8.751753155680224161e-01
8.751753155680224161e-01
8.751753155680224161e-01
8.751753155680224161e-01
8.747078073866292325e-01
8.747078073866292325e-01
8.747078073866292325e-01
8.742402992052360489e-01
8.723702664796634254e-01
8.723702664796634254e-01
8.719027582982702418e-01
8.719027582982702418e-01
8.719027582982702418e-01
8.719027582982702418e-01
8.719027582982702418e-01
8.719027582982702418e-01
8.719027582982702418e-01
8.719027582982702418e-01
8.709677419354838745e-01
8.709677419354838745e-01
8.709677419354838745e-01
8.709677419354838745e-01
8.709677419354838745e-01
8.709677419354838745e-01
8.709677419354838745e-01
8.705002337540906909e-01
8.700327255726975073e-01
8.700327255726975073e-01
8.695652173913043237e-01
8.695652173913043237e-01
8.695652173913043237e-01
8.695652173913043237e-01
8.690977092099111401e-01
8.690977092099111401e-01
8.686302010285179565e-01
8.681626928471247728e-01
8.681626928471247728e-01
8.681626928471247728e-01
8.681626928471247728e-01
8.681626928471247728e-01
8.681626928471247728e-01
8.672276764843385166e-01
8.644226273959794149e-01
8.616175783076204242e-01
8.602150537634408733e-01
8.592800374006545061e-01
8.578775128564749552e-01
8.560074801309023318e-01
8.541374474053295973e-01
8.541374474053295973e-01
8.536699392239364137e-01
8.536699392239364137e-01
8.536699392239364137e-01
8.536699392239364137e-01
8.536699392239364137e-01
8.536699392239364137e-01
8.536699392239364137e-01
8.536699392239364137e-01
8.536699392239364137e-01
8.536699392239364137e-01
8.536699392239364137e-01
8.536699392239364137e-01
8.536699392239364137e-01
8.536699392239364137e-01
8.536699392239364137e-01
8.536699392239364137e-01
8.536699392239364137e-01
8.536699392239364137e-01
8.536699392239364137e-01
8.536699392239364137e-01
8.536699392239364137e-01
8.536699392239364137e-01
8.532024310425432301e-01
8.532024310425432301e-01
8.532024310425432301e-01
8.532024310425432301e-01
8.532024310425432301e-01
8.532024310425432301e-01
8.532024310425432301e-01
8.532024310425432301e-01
8.532024310425432301e-01
8.532024310425432301e-01
8.532024310425432301e-01
8.532024310425432301e-01
8.532024310425432301e-01
8.532024310425432301e-01
8.532024310425432301e-01
8.527349228611500465e-01
8.517999064983636792e-01
8.508648901355774230e-01
8.503973819541842394e-01
8.499298737727910558e-01
8.494623655913978721e-01
8.489948574100046885e-01
8.480598410472183213e-01
8.475923328658251377e-01
8.471248246844319540e-01
8.466573165030387704e-01
8.452547919588593306e-01
8.447872837774661470e-01
8.447872837774661470e-01
8.447872837774661470e-01
8.447872837774661470e-01
8.447872837774661470e-01
8.447872837774661470e-01
8.447872837774661470e-01
8.447872837774661470e-01
8.447872837774661470e-01
8.443197755960729634e-01
8.438522674146797797e-01
8.438522674146797797e-01
8.438522674146797797e-01
8.438522674146797797e-01
8.433847592332865961e-01
8.433847592332865961e-01
8.429172510518934125e-01
8.419822346891070453e-01
8.410472183263206780e-01
8.405797101449274944e-01
8.405797101449274944e-01
8.391771856007480546e-01
8.382421692379616873e-01
8.382421692379616873e-01
8.368396446937821365e-01
8.368396446937821365e-01
8.368396446937821365e-01
8.368396446937821365e-01
8.368396446937821365e-01
8.368396446937821365e-01
8.363721365123889528e-01
8.359046283309957692e-01
8.354371201496025856e-01
8.349696119682094020e-01
8.349696119682094020e-01
8.349696119682094020e-01
8.345021037868162184e-01
8.340345956054231458e-01
8.335670874240299622e-01
8.335670874240299622e-01
8.335670874240299622e-01
8.335670874240299622e-01
8.335670874240299622e-01
8.326320710612435949e-01
8.326320710612435949e-01
8.321645628798504113e-01
8.307620383356708604e-01
8.302945301542776768e-01
8.302945301542776768e-01
8.302945301542776768e-01
8.302945301542776768e-01
8.302945301542776768e-01
8.302945301542776768e-01
8.302945301542776768e-01
8.302945301542776768e-01
8.298270219728844932e-01
8.298270219728844932e-01
8.298270219728844932e-01
8.298270219728844932e-01
8.298270219728844932e-01
8.298270219728844932e-01
8.293595137914913096e-01
8.293595137914913096e-01
8.293595137914913096e-01
8.288920056100981260e-01
8.284244974287050534e-01
8.284244974287050534e-01
8.284244974287050534e-01
8.279569892473118697e-01
8.279569892473118697e-01
8.279569892473118697e-01
8.274894810659186861e-01
8.270219728845255025e-01
8.265544647031323189e-01
8.260869565217391353e-01
8.260869565217391353e-01
8.260869565217391353e-01
8.260869565217391353e-01
