1.000000000000000000e+00
9.943899018232819076e-01
9.789621318373071812e-01
9.677419354838709964e-01
9.555867227676484443e-01
9.406264609630669016e-01
9.280037400654511659e-01
9.228611500701262571e-01
9.107059373539037050e-01
9.046283309957924290e-01
8.934081346423562442e-01
8.845254791958859775e-01
8.789153810191678851e-01
8.789153810191678851e-01
8.779803646563815178e-01
8.779803646563815178e-01
8.779803646563815178e-01
8.779803646563815178e-01
8.770453482935951506e-01
8.733052828424497926e-01
8.723702664796634254e-01
8.714352501168770582e-01
8.695652173913043237e-01
8.686302010285179565e-01
8.676951846657317002e-01
8.676951846657317002e-01
8.676951846657317002e-01
8.676951846657317002e-01
8.676951846657317002e-01
8.676951846657317002e-01
8.662926601215521494e-01
8.658251519401589658e-01
8.658251519401589658e-01
8.658251519401589658e-01
8.658251519401589658e-01
8.658251519401589658e-01
8.658251519401589658e-01
8.658251519401589658e-01
8.658251519401589658e-01
8.658251519401589658e-01
8.658251519401589658e-01
8.658251519401589658e-01
8.658251519401589658e-01
8.658251519401589658e-01
8.658251519401589658e-01
8.658251519401589658e-01
8.658251519401589658e-01
8.653576437587657821e-01
8.653576437587657821e-01
8.653576437587657821e-01
8.648901355773725985e-01
8.648901355773725985e-01
8.648901355773725985e-01
8.648901355773725985e-01
8.644226273959794149e-01
8.644226273959794149e-01
8.634876110331930477e-01
8.634876110331930477e-01
8.634876110331930477e-01
8.625525946704066804e-01
8.625525946704066804e-01
8.625525946704066804e-01
8.625525946704066804e-01
8.620850864890136078e-01
8.616175783076204242e-01
8.616175783076204242e-01
8.597475455820476897e-01
8.578775128564749552e-01
8.578775128564749552e-01
8.574100046750817716e-01
8.574100046750817716e-01
8.574100046750817716e-01
8.574100046750817716e-01
8.574100046750817716e-01
8.574100046750817716e-01
8.564749883122955154e-01
8.564749883122955154e-01
8.560074801309023318e-01
8.555399719495091482e-01
8.555399719495091482e-01
8.555399719495091482e-01
8.555399719495091482e-01
8.555399719495091482e-01
8.555399719495091482e-01
8.555399719495091482e-01
8.555399719495091482e-01
8.555399719495091482e-01
8.555399719495091482e-01
8.555399719495091482e-01
8.555399719495091482e-01
8.550724637681159646e-01
8.546049555867227809e-01
8.546049555867227809e-01
8.546049555867227809e-01
8.546049555867227809e-01
8.546049555867227809e-01
8.546049555867227809e-01
8.546049555867227809e-01
8.536699392239364137e-01
8.536699392239364137e-01
8.532024310425432301e-01
8.532024310425432301e-01
8.532024310425432301e-01
8.517999064983636792e-01
8.503973819541842394e-01
8.489948574100046885e-01
8.480598410472183213e-01
8.466573165030387704e-01
8.461898083216455868e-01
8.461898083216455868e-01
8.461898083216455868e-01
8.461898083216455868e-01
8.461898083216455868e-01
8.461898083216455868e-01
8.461898083216455868e-01
8.461898083216455868e-01
8.461898083216455868e-01
8.461898083216455868e-01
8.461898083216455868e-01
8.461898083216455868e-01
8.461898083216455868e-01
8.461898083216455868e-01
8.461898083216455868e-01
8.461898083216455868e-01
8.461898083216455868e-01
8.461898083216455868e-01
8.457223001402524032e-01
8.452547919588593306e-01
8.452547919588593306e-01
8.452547919588593306e-01
8.447872837774661470e-01
8.447872837774661470e-01
8.447872837774661470e-01
8.447872837774661470e-01
8.443197755960729634e-01
8.438522674146797797e-01
8.438522674146797797e-01
8.433847592332865961e-01
8.433847592332865961e-01
8.429172510518934125e-01
8.429172510518934125e-01
8.429172510518934125e-01
8.419822346891070453e-01
8.415147265077138616e-01
8.415147265077138616e-01
8.415147265077138616e-01
8.415147265077138616e-01
8.415147265077138616e-01
8.415147265077138616e-01
8.410472183263206780e-01
8.410472183263206780e-01
8.401122019635343108e-01
8.391771856007480546e-01
8.377746610565685037e-01
8.377746610565685037e-01
8.368396446937821365e-01
8.363721365123889528e-01
8.363721365123889528e-01
8.363721365123889528e-01
8.363721365123889528e-01
8.363721365123889528e-01
8.359046283309957692e-01
8.354371201496025856e-01
8.345021037868162184e-01
8.335670874240299622e-01
8.330995792426367785e-01
8.321645628798504113e-01
8.316970546984572277e-01
8.307620383356708604e-01
8.302945301542776768e-01
8.302945301542776768e-01
8.298270219728844932e-01
8.298270219728844932e-01
8.298270219728844932e-01
8.288920056100981260e-01
8.288920056100981260e-01
8.288920056100981260e-01
8.288920056100981260e-01
8.288920056100981260e-01
8.288920056100981260e-01
8.288920056100981260e-01
8.288920056100981260e-01
8.279569892473118697e-01
8.279569892473118697e-01
8.279569892473118697e-01
8.279569892473118697e-01
8.274894810659186861e-01
8.274894810659186861e-01
8.270219728845255025e-01
8.270219728845255025e-01
8.270219728845255025e-01
8.270219728845255025e-01
8.270219728845255025e-01
8.270219728845255025e-01
8.270219728845255025e-01
8.270219728845255025e-01
8.270219728845255025e-01
8.270219728845255025e-01
8.270219728845255025e-01
8.265544647031323189e-01
