1.000000000000000000e+00
9.925198690977091731e-01
9.827021972884525391e-01
9.705469845722299871e-01
9.560542309490416280e-01
9.410939691444599742e-01
9.345488546049556255e-01
9.280037400654511659e-01
9.163160355306217975e-01
9.022907900888265109e-01
8.901355773726040699e-01
8.882655446470313354e-01
8.882655446470313354e-01
8.877980364656381518e-01
8.868630201028517845e-01
8.868630201028517845e-01
8.854604955586722337e-01
8.845254791958859775e-01
8.845254791958859775e-01
8.845254791958859775e-01
8.845254791958859775e-01
8.845254791958859775e-01
8.845254791958859775e-01
8.840579710144927938e-01
8.840579710144927938e-01
8.840579710144927938e-01
8.840579710144927938e-01
8.835904628330996102e-01
8.826554464703132430e-01
8.821879382889200594e-01
8.821879382889200594e-01
8.821879382889200594e-01
8.821879382889200594e-01
8.821879382889200594e-01
8.821879382889200594e-01
8.817204301075268758e-01
8.817204301075268758e-01
8.807854137447405085e-01
8.798503973819541413e-01
8.793828892005609577e-01
8.793828892005609577e-01
8.793828892005609577e-01
8.793828892005609577e-01
8.793828892005609577e-01
8.793828892005609577e-01
8.789153810191678851e-01
8.789153810191678851e-01
8.789153810191678851e-01
8.789153810191678851e-01
8.784478728377747014e-01
8.784478728377747014e-01
8.779803646563815178e-01
8.765778401122019670e-01
8.765778401122019670e-01
8.765778401122019670e-01
8.756428237494155997e-01
8.751753155680224161e-01
8.751753155680224161e-01
8.747078073866292325e-01
8.733052828424497926e-01
8.723702664796634254e-01
8.695652173913043237e-01
8.686302010285179565e-01
8.686302010285179565e-01
8.681626928471247728e-01
8.681626928471247728e-01
8.681626928471247728e-01
8.681626928471247728e-01
8.681626928471247728e-01
8.676951846657317002e-01
8.672276764843385166e-01
8.672276764843385166e-01
8.672276764843385166e-01
8.672276764843385166e-01
8.662926601215521494e-01
8.648901355773725985e-01
8.625525946704066804e-01
8.620850864890136078e-01
8.616175783076204242e-01
8.616175783076204242e-01
8.616175783076204242e-01
8.616175783076204242e-01
8.616175783076204242e-01
8.611500701262272406e-01
8.611500701262272406e-01
8.611500701262272406e-01
8.611500701262272406e-01
8.611500701262272406e-01
8.611500701262272406e-01
8.611500701262272406e-01
8.611500701262272406e-01
8.611500701262272406e-01
8.611500701262272406e-01
8.611500701262272406e-01
8.611500701262272406e-01
8.611500701262272406e-01
8.611500701262272406e-01
8.611500701262272406e-01
8.606825619448340570e-01
8.606825619448340570e-01
8.592800374006545061e-01
8.588125292192613225e-01
8.574100046750817716e-01
8.569424964936885880e-01
8.555399719495091482e-01
8.550724637681159646e-01
8.546049555867227809e-01
8.532024310425432301e-01
8.522674146797568628e-01
8.503973819541842394e-01
8.499298737727910558e-01
8.489948574100046885e-01
8.480598410472183213e-01
8.466573165030387704e-01
8.461898083216455868e-01
8.457223001402524032e-01
8.457223001402524032e-01
8.457223001402524032e-01
8.452547919588593306e-01
8.452547919588593306e-01
8.452547919588593306e-01
8.452547919588593306e-01
8.452547919588593306e-01
8.452547919588593306e-01
8.443197755960729634e-01
8.443197755960729634e-01
8.443197755960729634e-01
8.443197755960729634e-01
8.438522674146797797e-01
8.438522674146797797e-01
8.438522674146797797e-01
8.429172510518934125e-01
8.415147265077138616e-01
8.410472183263206780e-01
8.401122019635343108e-01
8.387096774193548709e-01
8.373071528751753201e-01
8.359046283309957692e-01
8.345021037868162184e-01
8.340345956054231458e-01
8.330995792426367785e-01
8.330995792426367785e-01
8.330995792426367785e-01
8.330995792426367785e-01
8.330995792426367785e-01
8.326320710612435949e-01
8.312295465170640441e-01
8.312295465170640441e-01
8.307620383356708604e-01
8.298270219728844932e-01
8.298270219728844932e-01
8.298270219728844932e-01
8.298270219728844932e-01
8.288920056100981260e-01
8.284244974287050534e-01
8.279569892473118697e-01
8.274894810659186861e-01
8.274894810659186861e-01
8.274894810659186861e-01
8.274894810659186861e-01
8.274894810659186861e-01
8.274894810659186861e-01
8.265544647031323189e-01
8.256194483403459516e-01
8.246844319775595844e-01
8.246844319775595844e-01
8.242169237961664008e-01
8.232819074333800335e-01
8.228143992519869609e-01
8.228143992519869609e-01
8.228143992519869609e-01
8.228143992519869609e-01
8.228143992519869609e-01
8.223468910705937773e-01
8.223468910705937773e-01
8.223468910705937773e-01
8.223468910705937773e-01
8.218793828892005937e-01
8.214118747078074101e-01
8.214118747078074101e-01
8.209443665264142265e-01
8.204768583450210429e-01
8.204768583450210429e-01
8.204768583450210429e-01
8.200093501636278592e-01
8.200093501636278592e-01
8.200093501636278592e-01
8.200093501636278592e-01
8.200093501636278592e-01
8.195418419822346756e-01
8.195418419822346756e-01
8.195418419822346756e-01
8.195418419822346756e-01
8.190743338008414920e-01
8.186068256194483084e-01
8.186068256194483084e-01
8.186068256194483084e-01
8.186068256194483084e-01
8.186068256194483084e-01
8.186068256194483084e-01
