1.000000000000000000e+00
9.663394109396914455e-01
9.513791491351099028e-01
9.509116409537167192e-01
9.438990182328190759e-01
9.396914446002805343e-01
9.336138382421692583e-01
9.261337073398784314e-01
9.125759700794764395e-01
9.013557737260402547e-01
8.929406264609630606e-01
8.873305282842449682e-01
8.798503973819541413e-01
8.784478728377747014e-01
8.779803646563815178e-01
8.775128564749883342e-01
8.775128564749883342e-01
8.775128564749883342e-01
8.775128564749883342e-01
8.751753155680224161e-01
8.751753155680224161e-01
8.747078073866292325e-01
8.737727910238428652e-01
8.728377746610566090e-01
8.728377746610566090e-01
8.728377746610566090e-01
8.728377746610566090e-01
8.728377746610566090e-01
8.728377746610566090e-01
8.728377746610566090e-01
8.728377746610566090e-01
8.723702664796634254e-01
8.723702664796634254e-01
8.723702664796634254e-01
8.723702664796634254e-01
8.700327255726975073e-01
8.700327255726975073e-01
8.695652173913043237e-01
8.690977092099111401e-01
8.676951846657317002e-01
8.676951846657317002e-01
8.676951846657317002e-01
8.676951846657317002e-01
8.676951846657317002e-01
8.676951846657317002e-01
8.676951846657317002e-01
8.676951846657317002e-01
8.676951846657317002e-01
8.676951846657317002e-01
8.676951846657317002e-01
8.676951846657317002e-01
8.676951846657317002e-01
8.667601683029453330e-01
8.662926601215521494e-01
8.662926601215521494e-01
8.634876110331930477e-01
8.611500701262272406e-01
8.588125292192613225e-01
8.583450210378681389e-01
8.578775128564749552e-01
8.555399719495091482e-01
8.546049555867227809e-01
8.536699392239364137e-01
8.536699392239364137e-01
8.536699392239364137e-01
8.536699392239364137e-01
8.536699392239364137e-01
8.536699392239364137e-01
8.532024310425432301e-01
8.527349228611500465e-01
8.527349228611500465e-01
8.522674146797568628e-01
8.522674146797568628e-01
8.522674146797568628e-01
8.517999064983636792e-01
8.517999064983636792e-01
8.517999064983636792e-01
8.517999064983636792e-01
8.513323983169704956e-01
8.513323983169704956e-01
8.513323983169704956e-01
8.513323983169704956e-01
8.508648901355774230e-01
8.508648901355774230e-01
8.503973819541842394e-01
8.503973819541842394e-01
8.503973819541842394e-01
8.503973819541842394e-01
8.503973819541842394e-01
8.503973819541842394e-01
8.503973819541842394e-01
8.503973819541842394e-01
8.503973819541842394e-01
8.503973819541842394e-01
8.503973819541842394e-01
8.503973819541842394e-01
8.503973819541842394e-01
8.503973819541842394e-01
8.503973819541842394e-01
8.503973819541842394e-01
8.503973819541842394e-01
8.503973819541842394e-01
8.503973819541842394e-01
8.503973819541842394e-01
8.503973819541842394e-01
8.503973819541842394e-01
8.503973819541842394e-01
8.503973819541842394e-01
8.503973819541842394e-01
8.503973819541842394e-01
8.499298737727910558e-01
8.494623655913978721e-01
8.494623655913978721e-01
8.494623655913978721e-01
8.494623655913978721e-01
8.480598410472183213e-01
8.480598410472183213e-01
8.480598410472183213e-01
8.475923328658251377e-01
8.461898083216455868e-01
8.447872837774661470e-01
8.433847592332865961e-01
8.424497428705002289e-01
8.419822346891070453e-01
8.415147265077138616e-01
8.410472183263206780e-01
8.405797101449274944e-01
8.405797101449274944e-01
8.405797101449274944e-01
8.401122019635343108e-01
8.401122019635343108e-01
8.401122019635343108e-01
8.396446937821412382e-01
8.391771856007480546e-01
8.387096774193548709e-01
8.387096774193548709e-01
8.387096774193548709e-01
8.387096774193548709e-01
8.387096774193548709e-01
8.387096774193548709e-01
8.387096774193548709e-01
8.387096774193548709e-01
8.387096774193548709e-01
8.387096774193548709e-01
8.387096774193548709e-01
8.387096774193548709e-01
8.387096774193548709e-01
8.387096774193548709e-01
8.387096774193548709e-01
8.387096774193548709e-01
8.387096774193548709e-01
8.382421692379616873e-01
8.382421692379616873e-01
8.382421692379616873e-01
8.382421692379616873e-01
8.382421692379616873e-01
8.377746610565685037e-01
8.373071528751753201e-01
8.373071528751753201e-01
8.373071528751753201e-01
8.368396446937821365e-01
8.368396446937821365e-01
8.368396446937821365e-01
8.368396446937821365e-01
8.363721365123889528e-01
8.363721365123889528e-01
8.363721365123889528e-01
8.359046283309957692e-01
8.359046283309957692e-01
8.359046283309957692e-01
8.359046283309957692e-01
8.359046283309957692e-01
8.359046283309957692e-01
8.354371201496025856e-01
8.354371201496025856e-01
8.354371201496025856e-01
8.354371201496025856e-01
8.354371201496025856e-01
8.349696119682094020e-01
8.345021037868162184e-01
8.345021037868162184e-01
8.345021037868162184e-01
8.345021037868162184e-01
8.340345956054231458e-01
8.340345956054231458e-01
8.340345956054231458e-01
8.340345956054231458e-01
8.340345956054231458e-01
8.340345956054231458e-01
8.335670874240299622e-01
8.330995792426367785e-01
8.330995792426367785e-01
8.330995792426367785e-01
8.330995792426367785e-01
8.330995792426367785e-01
8.326320710612435949e-01
8.316970546984572277e-01
8.307620383356708604e-01
8.307620383356708604e-01
8.302945301542776768e-01
