1.000000000000000000e+00
9.906498363721365497e-01
9.761570827489480795e-01
9.668069191210846292e-01
9.485741000467508011e-01
9.303412809724169730e-01
9.181860682561945319e-01
9.074333800841514197e-01
9.004207573632538875e-01
8.948106591865357951e-01
8.920056100981766933e-01
8.915381019167835097e-01
8.901355773726040699e-01
8.892005610098177026e-01
8.868630201028517845e-01
8.845254791958859775e-01
8.840579710144927938e-01
8.831229546517064266e-01
8.812529219261336921e-01
8.789153810191678851e-01
8.737727910238428652e-01
8.733052828424497926e-01
8.733052828424497926e-01
8.723702664796634254e-01
8.723702664796634254e-01
8.723702664796634254e-01
8.723702664796634254e-01
8.709677419354838745e-01
8.662926601215521494e-01
8.653576437587657821e-01
8.620850864890136078e-01
8.597475455820476897e-01
8.583450210378681389e-01
8.564749883122955154e-01
8.550724637681159646e-01
8.546049555867227809e-01
8.546049555867227809e-01
8.546049555867227809e-01
8.546049555867227809e-01
8.546049555867227809e-01
8.546049555867227809e-01
8.546049555867227809e-01
8.546049555867227809e-01
8.546049555867227809e-01
8.541374474053295973e-01
8.541374474053295973e-01
8.541374474053295973e-01
8.541374474053295973e-01
8.541374474053295973e-01
8.541374474053295973e-01
8.541374474053295973e-01
8.541374474053295973e-01
8.527349228611500465e-01
8.522674146797568628e-01
8.522674146797568628e-01
8.522674146797568628e-01
8.522674146797568628e-01
8.522674146797568628e-01
8.517999064983636792e-01
8.508648901355774230e-01
8.499298737727910558e-01
8.489948574100046885e-01
8.489948574100046885e-01
8.489948574100046885e-01
8.489948574100046885e-01
8.489948574100046885e-01
8.489948574100046885e-01
8.489948574100046885e-01
8.489948574100046885e-01
8.489948574100046885e-01
8.489948574100046885e-01
8.489948574100046885e-01
8.489948574100046885e-01
8.485273492286115049e-01
8.475923328658251377e-01
8.475923328658251377e-01
8.475923328658251377e-01
8.475923328658251377e-01
8.475923328658251377e-01
8.475923328658251377e-01
8.466573165030387704e-01
8.461898083216455868e-01
8.461898083216455868e-01
8.461898083216455868e-01
8.461898083216455868e-01
8.461898083216455868e-01
8.461898083216455868e-01
8.461898083216455868e-01
8.461898083216455868e-01
8.461898083216455868e-01
8.461898083216455868e-01
8.461898083216455868e-01
8.461898083216455868e-01
8.461898083216455868e-01
8.461898083216455868e-01
8.461898083216455868e-01
8.461898083216455868e-01
8.461898083216455868e-01
8.461898083216455868e-01
8.461898083216455868e-01
8.461898083216455868e-01
8.461898083216455868e-01
8.461898083216455868e-01
8.457223001402524032e-01
8.457223001402524032e-01
8.457223001402524032e-01
8.452547919588593306e-01
8.452547919588593306e-01
8.452547919588593306e-01
8.452547919588593306e-01
8.452547919588593306e-01
8.452547919588593306e-01
8.452547919588593306e-01
8.452547919588593306e-01
8.452547919588593306e-01
8.452547919588593306e-01
8.447872837774661470e-01
8.447872837774661470e-01
8.443197755960729634e-01
8.443197755960729634e-01
8.429172510518934125e-01
8.429172510518934125e-01
8.419822346891070453e-01
8.415147265077138616e-01
8.401122019635343108e-01
8.396446937821412382e-01
8.391771856007480546e-01
8.377746610565685037e-01
8.373071528751753201e-01
8.368396446937821365e-01
8.368396446937821365e-01
8.359046283309957692e-01
8.349696119682094020e-01
8.335670874240299622e-01
8.326320710612435949e-01
8.312295465170640441e-01
8.302945301542776768e-01
8.298270219728844932e-01
8.284244974287050534e-01
8.270219728845255025e-01
8.260869565217391353e-01
8.246844319775595844e-01
8.237494156147732172e-01
8.232819074333800335e-01
8.228143992519869609e-01
8.228143992519869609e-01
8.214118747078074101e-01
8.200093501636278592e-01
8.190743338008414920e-01
8.186068256194483084e-01
8.172043010752688685e-01
8.167367928938756849e-01
8.167367928938756849e-01
8.167367928938756849e-01
8.162692847124825013e-01
8.153342683496961341e-01
8.139317438055165832e-01
8.129967274427302160e-01
8.125292192613370323e-01
8.125292192613370323e-01
8.111266947171575925e-01
8.101916783543712253e-01
8.092566619915848580e-01
8.083216456287984908e-01
8.069191210846189399e-01
8.059841047218326837e-01
8.059841047218326837e-01
8.055165965404395001e-01
8.050490883590463165e-01
8.050490883590463165e-01
8.045815801776531329e-01
8.045815801776531329e-01
8.045815801776531329e-01
8.045815801776531329e-01
8.045815801776531329e-01
8.045815801776531329e-01
8.041140719962599492e-01
8.036465638148667656e-01
8.031790556334735820e-01
8.031790556334735820e-01
8.031790556334735820e-01
8.027115474520803984e-01
8.027115474520803984e-01
8.027115474520803984e-01
8.027115474520803984e-01
8.027115474520803984e-01
8.027115474520803984e-01
8.027115474520803984e-01
8.027115474520803984e-01
8.027115474520803984e-01
8.027115474520803984e-01
8.027115474520803984e-01
8.027115474520803984e-01
8.027115474520803984e-01
8.027115474520803984e-01
8.027115474520803984e-01
8.027115474520803984e-01
8.027115474520803984e-01
8.027115474520803984e-01
8.027115474520803984e-01
