1.000000000000000000e+00
9.901823281907433660e-01
9.756895745675548959e-01
9.518466573165030864e-01
9.415614773258531578e-01
9.336138382421692583e-01
9.228611500701262571e-01
9.079008882655446033e-01
9.041608228143992454e-01
8.962131837307152349e-01
8.943431510051426114e-01
8.859280037400654173e-01
8.789153810191678851e-01
8.676951846657317002e-01
8.606825619448340570e-01
8.606825619448340570e-01
8.602150537634408733e-01
8.602150537634408733e-01
8.602150537634408733e-01
8.592800374006545061e-01
8.588125292192613225e-01
8.588125292192613225e-01
8.578775128564749552e-01
8.578775128564749552e-01
8.574100046750817716e-01
8.574100046750817716e-01
8.564749883122955154e-01
8.560074801309023318e-01
8.560074801309023318e-01
8.560074801309023318e-01
8.560074801309023318e-01
8.560074801309023318e-01
8.560074801309023318e-01
8.541374474053295973e-01
8.541374474053295973e-01
8.541374474053295973e-01
8.541374474053295973e-01
8.541374474053295973e-01
8.541374474053295973e-01
8.536699392239364137e-01
8.536699392239364137e-01
8.536699392239364137e-01
8.536699392239364137e-01
8.532024310425432301e-01
8.532024310425432301e-01
8.532024310425432301e-01
8.532024310425432301e-01
8.532024310425432301e-01
8.532024310425432301e-01
8.532024310425432301e-01
8.532024310425432301e-01
8.532024310425432301e-01
8.532024310425432301e-01
8.522674146797568628e-01
8.522674146797568628e-01
8.522674146797568628e-01
8.522674146797568628e-01
8.522674146797568628e-01
8.517999064983636792e-01
8.517999064983636792e-01
8.513323983169704956e-01
8.494623655913978721e-01
8.489948574100046885e-01
8.489948574100046885e-01
8.480598410472183213e-01
8.480598410472183213e-01
8.480598410472183213e-01
8.480598410472183213e-01
8.475923328658251377e-01
8.461898083216455868e-01
8.457223001402524032e-01
8.457223001402524032e-01
8.452547919588593306e-01
8.452547919588593306e-01
8.452547919588593306e-01
8.452547919588593306e-01
8.452547919588593306e-01
8.452547919588593306e-01
8.447872837774661470e-01
8.447872837774661470e-01
8.447872837774661470e-01
8.443197755960729634e-01
8.443197755960729634e-01
8.443197755960729634e-01
8.443197755960729634e-01
8.443197755960729634e-01
8.443197755960729634e-01
8.443197755960729634e-01
8.443197755960729634e-01
8.443197755960729634e-01
8.443197755960729634e-01
8.443197755960729634e-01
8.443197755960729634e-01
8.443197755960729634e-01
8.443197755960729634e-01
8.438522674146797797e-01
8.424497428705002289e-01
8.424497428705002289e-01
8.424497428705002289e-01
8.424497428705002289e-01
8.419822346891070453e-01
8.419822346891070453e-01
8.419822346891070453e-01
8.419822346891070453e-01
8.419822346891070453e-01
8.419822346891070453e-01
8.419822346891070453e-01
8.419822346891070453e-01
8.419822346891070453e-01
8.419822346891070453e-01
8.419822346891070453e-01
8.419822346891070453e-01
8.419822346891070453e-01
8.419822346891070453e-01
8.419822346891070453e-01
8.419822346891070453e-01
8.419822346891070453e-01
8.419822346891070453e-01
8.419822346891070453e-01
8.419822346891070453e-01
8.419822346891070453e-01
8.419822346891070453e-01
8.419822346891070453e-01
8.419822346891070453e-01
8.419822346891070453e-01
8.419822346891070453e-01
8.415147265077138616e-01
8.415147265077138616e-01
8.415147265077138616e-01
8.415147265077138616e-01
8.415147265077138616e-01
8.415147265077138616e-01
8.415147265077138616e-01
8.415147265077138616e-01
8.415147265077138616e-01
8.415147265077138616e-01
8.405797101449274944e-01
8.401122019635343108e-01
8.396446937821412382e-01
8.396446937821412382e-01
8.396446937821412382e-01
8.396446937821412382e-01
8.396446937821412382e-01
8.396446937821412382e-01
8.396446937821412382e-01
8.396446937821412382e-01
8.396446937821412382e-01
8.396446937821412382e-01
8.396446937821412382e-01
8.391771856007480546e-01
8.391771856007480546e-01
8.387096774193548709e-01
8.387096774193548709e-01
8.382421692379616873e-01
8.377746610565685037e-01
8.373071528751753201e-01
8.359046283309957692e-01
8.349696119682094020e-01
8.345021037868162184e-01
8.345021037868162184e-01
8.335670874240299622e-01
8.326320710612435949e-01
8.326320710612435949e-01
8.316970546984572277e-01
8.312295465170640441e-01
8.307620383356708604e-01
8.302945301542776768e-01
8.302945301542776768e-01
8.298270219728844932e-01
8.293595137914913096e-01
8.284244974287050534e-01
8.274894810659186861e-01
8.274894810659186861e-01
8.274894810659186861e-01
8.260869565217391353e-01
8.260869565217391353e-01
8.256194483403459516e-01
8.251519401589527680e-01
8.251519401589527680e-01
8.251519401589527680e-01
8.251519401589527680e-01
8.251519401589527680e-01
8.251519401589527680e-01
8.246844319775595844e-01
8.246844319775595844e-01
8.246844319775595844e-01
8.246844319775595844e-01
8.246844319775595844e-01
8.246844319775595844e-01
8.242169237961664008e-01
8.232819074333800335e-01
8.228143992519869609e-01
8.228143992519869609e-01
8.223468910705937773e-01
8.218793828892005937e-01
8.209443665264142265e-01
8.209443665264142265e-01
8.209443665264142265e-01
8.209443665264142265e-01
8.200093501636278592e-01
