1.000000000000000000e+00
9.901823281907433660e-01
9.780271154745208140e-01
9.551192145862552607e-01
9.541841982234688935e-01
9.462365591397849940e-01
9.331463300607760747e-01
9.200561009817671554e-01
9.097709209911173378e-01
9.088359046283309706e-01
8.999532491818607038e-01
8.934081346423562442e-01
8.826554464703132430e-01
8.812529219261336921e-01
8.812529219261336921e-01
8.807854137447405085e-01
8.803179055633473249e-01
8.793828892005609577e-01
8.784478728377747014e-01
8.779803646563815178e-01
8.742402992052360489e-01
8.733052828424497926e-01
8.719027582982702418e-01
8.714352501168770582e-01
8.705002337540906909e-01
8.695652173913043237e-01
8.686302010285179565e-01
8.686302010285179565e-01
8.686302010285179565e-01
8.686302010285179565e-01
8.681626928471247728e-01
8.658251519401589658e-01
8.658251519401589658e-01
8.658251519401589658e-01
8.658251519401589658e-01
8.658251519401589658e-01
8.658251519401589658e-01
8.653576437587657821e-01
8.648901355773725985e-01
8.648901355773725985e-01
8.648901355773725985e-01
8.648901355773725985e-01
8.648901355773725985e-01
8.648901355773725985e-01
8.648901355773725985e-01
8.648901355773725985e-01
8.648901355773725985e-01
8.648901355773725985e-01
8.648901355773725985e-01
8.648901355773725985e-01
8.648901355773725985e-01
8.648901355773725985e-01
8.648901355773725985e-01
8.644226273959794149e-01
8.644226273959794149e-01
8.644226273959794149e-01
8.644226273959794149e-01
8.644226273959794149e-01
8.634876110331930477e-01
8.634876110331930477e-01
8.634876110331930477e-01
8.634876110331930477e-01
8.634876110331930477e-01
8.634876110331930477e-01
8.634876110331930477e-01
8.634876110331930477e-01
8.630201028517998640e-01
8.630201028517998640e-01
8.630201028517998640e-01
8.630201028517998640e-01
8.630201028517998640e-01
8.625525946704066804e-01
8.620850864890136078e-01
8.620850864890136078e-01
8.611500701262272406e-01
8.606825619448340570e-01
8.597475455820476897e-01
8.588125292192613225e-01
8.583450210378681389e-01
8.574100046750817716e-01
8.550724637681159646e-01
8.532024310425432301e-01
8.522674146797568628e-01
8.522674146797568628e-01
8.522674146797568628e-01
8.522674146797568628e-01
8.522674146797568628e-01
8.522674146797568628e-01
8.522674146797568628e-01
8.522674146797568628e-01
8.503973819541842394e-01
8.499298737727910558e-01
8.499298737727910558e-01
8.494623655913978721e-01
8.494623655913978721e-01
8.494623655913978721e-01
8.494623655913978721e-01
8.489948574100046885e-01
8.489948574100046885e-01
8.489948574100046885e-01
8.489948574100046885e-01
8.489948574100046885e-01
8.489948574100046885e-01
8.489948574100046885e-01
8.489948574100046885e-01
8.489948574100046885e-01
8.489948574100046885e-01
8.489948574100046885e-01
8.485273492286115049e-01
8.485273492286115049e-01
8.485273492286115049e-01
8.485273492286115049e-01
8.471248246844319540e-01
8.457223001402524032e-01
8.443197755960729634e-01
8.429172510518934125e-01
8.429172510518934125e-01
8.429172510518934125e-01
8.410472183263206780e-01
8.401122019635343108e-01
8.391771856007480546e-01
8.382421692379616873e-01
8.382421692379616873e-01
8.373071528751753201e-01
8.373071528751753201e-01
8.363721365123889528e-01
8.359046283309957692e-01
8.359046283309957692e-01
8.345021037868162184e-01
8.345021037868162184e-01
8.335670874240299622e-01
8.326320710612435949e-01
8.326320710612435949e-01
8.321645628798504113e-01
8.321645628798504113e-01
8.321645628798504113e-01
8.321645628798504113e-01
8.321645628798504113e-01
8.321645628798504113e-01
8.321645628798504113e-01
8.321645628798504113e-01
8.321645628798504113e-01
8.316970546984572277e-01
8.307620383356708604e-01
8.302945301542776768e-01
8.293595137914913096e-01
8.293595137914913096e-01
8.293595137914913096e-01
8.288920056100981260e-01
8.284244974287050534e-01
8.284244974287050534e-01
8.274894810659186861e-01
8.274894810659186861e-01
8.274894810659186861e-01
8.265544647031323189e-01
8.256194483403459516e-01
8.246844319775595844e-01
8.246844319775595844e-01
8.242169237961664008e-01
8.237494156147732172e-01
8.232819074333800335e-01
8.228143992519869609e-01
8.223468910705937773e-01
8.223468910705937773e-01
8.223468910705937773e-01
8.223468910705937773e-01
8.223468910705937773e-01
8.218793828892005937e-01
8.214118747078074101e-01
8.214118747078074101e-01
8.214118747078074101e-01
8.214118747078074101e-01
8.209443665264142265e-01
8.209443665264142265e-01
8.204768583450210429e-01
8.204768583450210429e-01
8.204768583450210429e-01
8.204768583450210429e-01
8.204768583450210429e-01
8.204768583450210429e-01
8.204768583450210429e-01
8.204768583450210429e-01
8.204768583450210429e-01
8.204768583450210429e-01
8.204768583450210429e-01
8.204768583450210429e-01
8.204768583450210429e-01
8.204768583450210429e-01
8.200093501636278592e-01
8.200093501636278592e-01
8.195418419822346756e-01
8.195418419822346756e-01
8.190743338008414920e-01
8.190743338008414920e-01
8.190743338008414920e-01
8.190743338008414920e-01
8.186068256194483084e-01
8.186068256194483084e-01
8.181393174380551248e-01
8.181393174380551248e-01
