1.000000000000000000e+00
9.878447872837774479e-01
9.789621318373071812e-01
9.649368863955118947e-01
9.523141654978961590e-01
9.392239364188873507e-01
9.205236091631603390e-01
9.153810191678354302e-01
9.004207573632538875e-01
8.887330528284245190e-01
8.803179055633473249e-01
8.765778401122019670e-01
8.756428237494155997e-01
8.733052828424497926e-01
8.728377746610566090e-01
8.723702664796634254e-01
8.709677419354838745e-01
8.709677419354838745e-01
8.695652173913043237e-01
8.667601683029453330e-01
8.658251519401589658e-01
8.658251519401589658e-01
8.648901355773725985e-01
8.648901355773725985e-01
8.648901355773725985e-01
8.644226273959794149e-01
8.644226273959794149e-01
8.644226273959794149e-01
8.644226273959794149e-01
8.644226273959794149e-01
8.644226273959794149e-01
8.644226273959794149e-01
8.634876110331930477e-01
8.634876110331930477e-01
8.634876110331930477e-01
8.625525946704066804e-01
8.625525946704066804e-01
8.625525946704066804e-01
8.616175783076204242e-01
8.611500701262272406e-01
8.611500701262272406e-01
8.611500701262272406e-01
8.611500701262272406e-01
8.611500701262272406e-01
8.611500701262272406e-01
8.611500701262272406e-01
8.611500701262272406e-01
8.611500701262272406e-01
8.606825619448340570e-01
8.602150537634408733e-01
8.602150537634408733e-01
8.602150537634408733e-01
8.597475455820476897e-01
8.592800374006545061e-01
8.588125292192613225e-01
8.583450210378681389e-01
8.583450210378681389e-01
8.550724637681159646e-01
8.522674146797568628e-01
8.522674146797568628e-01
8.508648901355774230e-01
8.475923328658251377e-01
8.457223001402524032e-01
8.457223001402524032e-01
8.447872837774661470e-01
8.443197755960729634e-01
8.429172510518934125e-01
8.429172510518934125e-01
8.419822346891070453e-01
8.419822346891070453e-01
8.401122019635343108e-01
8.387096774193548709e-01
8.368396446937821365e-01
8.359046283309957692e-01
8.359046283309957692e-01
8.354371201496025856e-01
8.354371201496025856e-01
8.354371201496025856e-01
8.345021037868162184e-01
8.345021037868162184e-01
8.345021037868162184e-01
8.345021037868162184e-01
8.345021037868162184e-01
8.345021037868162184e-01
8.335670874240299622e-01
8.335670874240299622e-01
8.335670874240299622e-01
8.335670874240299622e-01
8.335670874240299622e-01
8.335670874240299622e-01
8.335670874240299622e-01
8.335670874240299622e-01
8.335670874240299622e-01
8.335670874240299622e-01
8.335670874240299622e-01
8.335670874240299622e-01
8.335670874240299622e-01
8.330995792426367785e-01
8.330995792426367785e-01
8.326320710612435949e-01
8.326320710612435949e-01
8.326320710612435949e-01
8.326320710612435949e-01
8.326320710612435949e-01
8.326320710612435949e-01
8.326320710612435949e-01
8.326320710612435949e-01
8.326320710612435949e-01
8.326320710612435949e-01
8.326320710612435949e-01
8.321645628798504113e-01
8.321645628798504113e-01
8.321645628798504113e-01
8.321645628798504113e-01
8.316970546984572277e-01
8.302945301542776768e-01
8.302945301542776768e-01
8.293595137914913096e-01
8.288920056100981260e-01
8.288920056100981260e-01
8.274894810659186861e-01
8.260869565217391353e-01
8.256194483403459516e-01
8.251519401589527680e-01
8.246844319775595844e-01
8.242169237961664008e-01
8.237494156147732172e-01
8.237494156147732172e-01
8.237494156147732172e-01
8.232819074333800335e-01
8.232819074333800335e-01
8.232819074333800335e-01
8.228143992519869609e-01
8.228143992519869609e-01
8.223468910705937773e-01
8.223468910705937773e-01
8.223468910705937773e-01
8.223468910705937773e-01
8.223468910705937773e-01
8.223468910705937773e-01
8.223468910705937773e-01
8.223468910705937773e-01
8.218793828892005937e-01
8.214118747078074101e-01
8.204768583450210429e-01
8.200093501636278592e-01
8.186068256194483084e-01
8.172043010752688685e-01
8.158017765310893177e-01
8.148667601683029504e-01
8.148667601683029504e-01
8.143992519869097668e-01
8.143992519869097668e-01
8.143992519869097668e-01
8.134642356241233996e-01
8.134642356241233996e-01
8.125292192613370323e-01
8.125292192613370323e-01
8.120617110799438487e-01
8.120617110799438487e-01
8.120617110799438487e-01
8.120617110799438487e-01
8.120617110799438487e-01
8.120617110799438487e-01
8.115942028985507761e-01
8.115942028985507761e-01
8.111266947171575925e-01
8.111266947171575925e-01
8.106591865357644089e-01
8.097241701729780416e-01
8.087891538101916744e-01
8.073866292660121236e-01
8.073866292660121236e-01
8.069191210846189399e-01
8.059841047218326837e-01
8.050490883590463165e-01
8.050490883590463165e-01
8.050490883590463165e-01
8.041140719962599492e-01
8.041140719962599492e-01
8.041140719962599492e-01
8.041140719962599492e-01
8.041140719962599492e-01
8.036465638148667656e-01
8.036465638148667656e-01
8.036465638148667656e-01
8.036465638148667656e-01
8.036465638148667656e-01
8.036465638148667656e-01
8.036465638148667656e-01
8.031790556334735820e-01
8.031790556334735820e-01
8.031790556334735820e-01
8.027115474520803984e-01
8.027115474520803984e-01
8.022440392706872148e-01
8.022440392706872148e-01
8.022440392706872148e-01
8.022440392706872148e-01
8.022440392706872148e-01
