1.000000000000000000e+00
9.873772791023842643e-01
9.719495091164095379e-01
9.537166900420757099e-01
9.438990182328190759e-01
9.424964936886395250e-01
9.233286582515194407e-01
9.097709209911173378e-01
9.027582982702196945e-01
8.994857410004675202e-01
8.892005610098177026e-01
8.873305282842449682e-01
8.803179055633473249e-01
8.714352501168770582e-01
8.611500701262272406e-01
8.541374474053295973e-01
8.541374474053295973e-01
8.541374474053295973e-01
8.541374474053295973e-01
8.536699392239364137e-01
8.536699392239364137e-01
8.536699392239364137e-01
8.536699392239364137e-01
8.536699392239364137e-01
8.532024310425432301e-01
8.532024310425432301e-01
8.532024310425432301e-01
8.522674146797568628e-01
8.517999064983636792e-01
8.517999064983636792e-01
8.517999064983636792e-01
8.517999064983636792e-01
8.517999064983636792e-01
8.508648901355774230e-01
8.508648901355774230e-01
8.499298737727910558e-01
8.494623655913978721e-01
8.494623655913978721e-01
8.494623655913978721e-01
8.489948574100046885e-01
8.485273492286115049e-01
8.485273492286115049e-01
8.485273492286115049e-01
8.485273492286115049e-01
8.485273492286115049e-01
8.485273492286115049e-01
8.485273492286115049e-01
8.485273492286115049e-01
8.485273492286115049e-01
8.485273492286115049e-01
8.485273492286115049e-01
8.485273492286115049e-01
8.485273492286115049e-01
8.485273492286115049e-01
8.485273492286115049e-01
8.485273492286115049e-01
8.480598410472183213e-01
8.480598410472183213e-01
8.480598410472183213e-01
8.480598410472183213e-01
8.480598410472183213e-01
8.480598410472183213e-01
8.452547919588593306e-01
8.443197755960729634e-01
8.419822346891070453e-01
8.419822346891070453e-01
8.419822346891070453e-01
8.415147265077138616e-01
8.415147265077138616e-01
8.415147265077138616e-01
8.415147265077138616e-01
8.415147265077138616e-01
8.405797101449274944e-01
8.391771856007480546e-01
8.387096774193548709e-01
8.387096774193548709e-01
8.382421692379616873e-01
8.382421692379616873e-01
8.382421692379616873e-01
8.382421692379616873e-01
8.382421692379616873e-01
8.382421692379616873e-01
8.382421692379616873e-01
8.382421692379616873e-01
8.382421692379616873e-01
8.377746610565685037e-01
8.377746610565685037e-01
8.377746610565685037e-01
8.377746610565685037e-01
8.377746610565685037e-01
8.377746610565685037e-01
8.377746610565685037e-01
8.377746610565685037e-01
8.377746610565685037e-01
8.377746610565685037e-01
8.377746610565685037e-01
8.377746610565685037e-01
8.368396446937821365e-01
8.354371201496025856e-01
8.345021037868162184e-01
8.345021037868162184e-01
8.340345956054231458e-01
8.340345956054231458e-01
8.326320710612435949e-01
8.326320710612435949e-01
8.326320710612435949e-01
8.326320710612435949e-01
8.326320710612435949e-01
8.326320710612435949e-01
8.326320710612435949e-01
8.326320710612435949e-01
8.326320710612435949e-01
8.326320710612435949e-01
8.326320710612435949e-01
8.326320710612435949e-01
8.326320710612435949e-01
8.326320710612435949e-01
8.326320710612435949e-01
8.326320710612435949e-01
8.326320710612435949e-01
8.326320710612435949e-01
8.326320710612435949e-01
8.326320710612435949e-01
8.326320710612435949e-01
8.326320710612435949e-01
8.326320710612435949e-01
8.326320710612435949e-01
8.326320710612435949e-01
8.326320710612435949e-01
8.326320710612435949e-01
8.326320710612435949e-01
8.326320710612435949e-01
8.326320710612435949e-01
8.321645628798504113e-01
8.321645628798504113e-01
8.321645628798504113e-01
8.321645628798504113e-01
8.321645628798504113e-01
8.316970546984572277e-01
8.316970546984572277e-01
8.316970546984572277e-01
8.316970546984572277e-01
8.316970546984572277e-01
8.316970546984572277e-01
8.316970546984572277e-01
8.316970546984572277e-01
8.316970546984572277e-01
8.316970546984572277e-01
8.312295465170640441e-01
8.312295465170640441e-01
8.312295465170640441e-01
8.312295465170640441e-01
8.312295465170640441e-01
8.312295465170640441e-01
8.307620383356708604e-01
8.307620383356708604e-01
8.307620383356708604e-01
8.307620383356708604e-01
8.307620383356708604e-01
8.307620383356708604e-01
8.302945301542776768e-01
8.293595137914913096e-01
8.288920056100981260e-01
8.288920056100981260e-01
8.284244974287050534e-01
8.284244974287050534e-01
8.279569892473118697e-01
8.279569892473118697e-01
8.265544647031323189e-01
8.260869565217391353e-01
8.260869565217391353e-01
8.256194483403459516e-01
8.256194483403459516e-01
8.251519401589527680e-01
8.237494156147732172e-01
8.232819074333800335e-01
8.232819074333800335e-01
8.232819074333800335e-01
8.232819074333800335e-01
8.228143992519869609e-01
8.228143992519869609e-01
8.228143992519869609e-01
8.223468910705937773e-01
8.223468910705937773e-01
8.223468910705937773e-01
8.218793828892005937e-01
8.218793828892005937e-01
8.218793828892005937e-01
8.218793828892005937e-01
8.218793828892005937e-01
8.214118747078074101e-01
8.209443665264142265e-01
8.209443665264142265e-01
8.204768583450210429e-01
8.204768583450210429e-01
8.204768583450210429e-01
8.204768583450210429e-01
8.204768583450210429e-01
8.200093501636278592e-01
8.195418419822346756e-01
