1.000000000000000000e+00
9.911173445535297333e-01
9.747545582047685286e-01
9.588592800374006186e-01
9.438990182328190759e-01
9.345488546049556255e-01
9.256661991584852478e-01
9.079008882655446033e-01
9.022907900888265109e-01
8.840579710144927938e-01
8.723702664796634254e-01
8.597475455820476897e-01
8.550724637681159646e-01
8.527349228611500465e-01
8.527349228611500465e-01
8.522674146797568628e-01
8.513323983169704956e-01
8.503973819541842394e-01
8.494623655913978721e-01
8.466573165030387704e-01
8.452547919588593306e-01
8.447872837774661470e-01
8.447872837774661470e-01
8.447872837774661470e-01
8.447872837774661470e-01
8.447872837774661470e-01
8.447872837774661470e-01
8.443197755960729634e-01
8.443197755960729634e-01
8.443197755960729634e-01
8.438522674146797797e-01
8.433847592332865961e-01
8.433847592332865961e-01
8.433847592332865961e-01
8.433847592332865961e-01
8.433847592332865961e-01
8.424497428705002289e-01
8.424497428705002289e-01
8.419822346891070453e-01
8.419822346891070453e-01
8.419822346891070453e-01
8.419822346891070453e-01
8.419822346891070453e-01
8.419822346891070453e-01
8.419822346891070453e-01
8.419822346891070453e-01
8.419822346891070453e-01
8.419822346891070453e-01
8.419822346891070453e-01
8.419822346891070453e-01
8.419822346891070453e-01
8.419822346891070453e-01
8.419822346891070453e-01
8.419822346891070453e-01
8.415147265077138616e-01
8.410472183263206780e-01
8.410472183263206780e-01
8.405797101449274944e-01
8.405797101449274944e-01
8.405797101449274944e-01
8.401122019635343108e-01
8.401122019635343108e-01
8.401122019635343108e-01
8.396446937821412382e-01
8.363721365123889528e-01
8.354371201496025856e-01
8.349696119682094020e-01
8.349696119682094020e-01
8.349696119682094020e-01
8.349696119682094020e-01
8.349696119682094020e-01
8.345021037868162184e-01
8.345021037868162184e-01
8.335670874240299622e-01
8.316970546984572277e-01
8.316970546984572277e-01
8.316970546984572277e-01
8.316970546984572277e-01
8.316970546984572277e-01
8.316970546984572277e-01
8.316970546984572277e-01
8.316970546984572277e-01
8.316970546984572277e-01
8.316970546984572277e-01
8.316970546984572277e-01
8.316970546984572277e-01
8.316970546984572277e-01
8.316970546984572277e-01
8.316970546984572277e-01
8.316970546984572277e-01
8.316970546984572277e-01
8.316970546984572277e-01
8.316970546984572277e-01
8.312295465170640441e-01
8.302945301542776768e-01
8.302945301542776768e-01
8.302945301542776768e-01
8.288920056100981260e-01
8.279569892473118697e-01
8.274894810659186861e-01
8.270219728845255025e-01
8.270219728845255025e-01
8.270219728845255025e-01
8.270219728845255025e-01
8.270219728845255025e-01
8.270219728845255025e-01
8.270219728845255025e-01
8.270219728845255025e-01
8.270219728845255025e-01
8.270219728845255025e-01
8.270219728845255025e-01
8.270219728845255025e-01
8.270219728845255025e-01
8.265544647031323189e-01
8.265544647031323189e-01
8.260869565217391353e-01
8.260869565217391353e-01
8.256194483403459516e-01
8.256194483403459516e-01
8.256194483403459516e-01
8.251519401589527680e-01
8.251519401589527680e-01
8.246844319775595844e-01
8.246844319775595844e-01
8.246844319775595844e-01
8.242169237961664008e-01
8.242169237961664008e-01
8.232819074333800335e-01
8.228143992519869609e-01
8.223468910705937773e-01
8.223468910705937773e-01
8.223468910705937773e-01
8.223468910705937773e-01
8.218793828892005937e-01
8.214118747078074101e-01
8.214118747078074101e-01
8.209443665264142265e-01
8.209443665264142265e-01
8.200093501636278592e-01
8.200093501636278592e-01
8.195418419822346756e-01
8.186068256194483084e-01
8.186068256194483084e-01
8.186068256194483084e-01
8.181393174380551248e-01
8.172043010752688685e-01
8.172043010752688685e-01
8.167367928938756849e-01
8.158017765310893177e-01
8.153342683496961341e-01
8.143992519869097668e-01
8.143992519869097668e-01
8.143992519869097668e-01
8.143992519869097668e-01
8.143992519869097668e-01
8.139317438055165832e-01
8.134642356241233996e-01
8.134642356241233996e-01
8.120617110799438487e-01
8.115942028985507761e-01
8.111266947171575925e-01
8.111266947171575925e-01
8.111266947171575925e-01
8.106591865357644089e-01
8.097241701729780416e-01
8.087891538101916744e-01
8.083216456287984908e-01
8.073866292660121236e-01
8.064516129032257563e-01
8.059841047218326837e-01
8.059841047218326837e-01
8.059841047218326837e-01
8.059841047218326837e-01
8.055165965404395001e-01
8.055165965404395001e-01
8.055165965404395001e-01
8.050490883590463165e-01
8.050490883590463165e-01
8.050490883590463165e-01
8.045815801776531329e-01
8.041140719962599492e-01
8.041140719962599492e-01
8.027115474520803984e-01
8.027115474520803984e-01
8.027115474520803984e-01
8.027115474520803984e-01
8.027115474520803984e-01
8.027115474520803984e-01
8.027115474520803984e-01
8.027115474520803984e-01
8.027115474520803984e-01
8.027115474520803984e-01
8.027115474520803984e-01
8.027115474520803984e-01
8.027115474520803984e-01
8.027115474520803984e-01
8.027115474520803984e-01
8.027115474520803984e-01
8.027115474520803984e-01
8.027115474520803984e-01
