1.000000000000000000e+00
9.897148200093501824e-01
9.775596072931276304e-01
9.663394109396914455e-01
9.485741000467508011e-01
9.326788218793828911e-01
9.233286582515194407e-01
9.158485273492286138e-01
9.069658719027583471e-01
8.901355773726040699e-01
8.812529219261336921e-01
8.765778401122019670e-01
8.756428237494155997e-01
8.747078073866292325e-01
8.747078073866292325e-01
8.742402992052360489e-01
8.728377746610566090e-01
8.728377746610566090e-01
8.728377746610566090e-01
8.728377746610566090e-01
8.719027582982702418e-01
8.719027582982702418e-01
8.719027582982702418e-01
8.719027582982702418e-01
8.719027582982702418e-01
8.719027582982702418e-01
8.714352501168770582e-01
8.714352501168770582e-01
8.714352501168770582e-01
8.714352501168770582e-01
8.705002337540906909e-01
8.705002337540906909e-01
8.705002337540906909e-01
8.700327255726975073e-01
8.700327255726975073e-01
8.700327255726975073e-01
8.700327255726975073e-01
8.700327255726975073e-01
8.695652173913043237e-01
8.686302010285179565e-01
8.686302010285179565e-01
8.686302010285179565e-01
8.686302010285179565e-01
8.686302010285179565e-01
8.686302010285179565e-01
8.686302010285179565e-01
8.686302010285179565e-01
8.686302010285179565e-01
8.686302010285179565e-01
8.686302010285179565e-01
8.686302010285179565e-01
8.686302010285179565e-01
8.686302010285179565e-01
8.672276764843385166e-01
8.672276764843385166e-01
8.667601683029453330e-01
8.644226273959794149e-01
8.639551192145862313e-01
8.639551192145862313e-01
8.620850864890136078e-01
8.616175783076204242e-01
8.602150537634408733e-01
8.574100046750817716e-01
8.569424964936885880e-01
8.569424964936885880e-01
8.569424964936885880e-01
8.569424964936885880e-01
8.569424964936885880e-01
8.569424964936885880e-01
8.569424964936885880e-01
8.569424964936885880e-01
8.569424964936885880e-01
8.564749883122955154e-01
8.564749883122955154e-01
8.564749883122955154e-01
8.560074801309023318e-01
8.546049555867227809e-01
8.532024310425432301e-01
8.522674146797568628e-01
8.522674146797568628e-01
8.522674146797568628e-01
8.522674146797568628e-01
8.522674146797568628e-01
8.522674146797568628e-01
8.522674146797568628e-01
8.513323983169704956e-01
8.513323983169704956e-01
8.508648901355774230e-01
8.508648901355774230e-01
8.508648901355774230e-01
8.508648901355774230e-01
8.508648901355774230e-01
8.508648901355774230e-01
8.508648901355774230e-01
8.508648901355774230e-01
8.508648901355774230e-01
8.508648901355774230e-01
8.508648901355774230e-01
8.503973819541842394e-01
8.499298737727910558e-01
8.489948574100046885e-01
8.480598410472183213e-01
8.471248246844319540e-01
8.461898083216455868e-01
8.461898083216455868e-01
8.452547919588593306e-01
8.447872837774661470e-01
8.429172510518934125e-01
8.419822346891070453e-01
8.405797101449274944e-01
8.391771856007480546e-01
8.377746610565685037e-01
8.373071528751753201e-01
8.373071528751753201e-01
8.359046283309957692e-01
8.354371201496025856e-01
8.349696119682094020e-01
8.345021037868162184e-01
8.345021037868162184e-01
8.345021037868162184e-01
8.345021037868162184e-01
8.345021037868162184e-01
8.345021037868162184e-01
8.345021037868162184e-01
8.345021037868162184e-01
8.340345956054231458e-01
8.340345956054231458e-01
8.340345956054231458e-01
8.340345956054231458e-01
8.340345956054231458e-01
8.335670874240299622e-01
8.335670874240299622e-01
8.335670874240299622e-01
8.330995792426367785e-01
8.321645628798504113e-01
8.316970546984572277e-01
8.312295465170640441e-01
8.298270219728844932e-01
8.288920056100981260e-01
8.274894810659186861e-01
8.265544647031323189e-01
8.256194483403459516e-01
8.256194483403459516e-01
8.256194483403459516e-01
8.256194483403459516e-01
8.256194483403459516e-01
8.256194483403459516e-01
8.251519401589527680e-01
8.251519401589527680e-01
8.246844319775595844e-01
8.232819074333800335e-01
8.228143992519869609e-01
8.223468910705937773e-01
8.223468910705937773e-01
8.223468910705937773e-01
8.223468910705937773e-01
8.218793828892005937e-01
8.218793828892005937e-01
8.218793828892005937e-01
8.214118747078074101e-01
8.214118747078074101e-01
8.214118747078074101e-01
8.214118747078074101e-01
8.214118747078074101e-01
8.209443665264142265e-01
8.204768583450210429e-01
8.190743338008414920e-01
8.181393174380551248e-01
8.172043010752688685e-01
8.167367928938756849e-01
8.167367928938756849e-01
8.167367928938756849e-01
8.167367928938756849e-01
8.167367928938756849e-01
8.158017765310893177e-01
8.158017765310893177e-01
8.158017765310893177e-01
8.153342683496961341e-01
8.153342683496961341e-01
8.153342683496961341e-01
8.153342683496961341e-01
8.148667601683029504e-01
8.148667601683029504e-01
8.143992519869097668e-01
8.143992519869097668e-01
8.143992519869097668e-01
8.143992519869097668e-01
8.139317438055165832e-01
8.139317438055165832e-01
8.139317438055165832e-01
8.139317438055165832e-01
8.139317438055165832e-01
8.134642356241233996e-01
8.134642356241233996e-01
8.134642356241233996e-01
8.129967274427302160e-01
8.129967274427302160e-01
8.129967274427302160e-01
8.129967274427302160e-01
8.129967274427302160e-01
