1.000000000000000000e+00
9.892473118279569988e-01
9.742870500233754560e-01
9.555867227676484443e-01
9.471715755025712502e-01
9.326788218793828911e-01
9.172510518934081647e-01
9.144460028050490630e-01
9.036933146330060618e-01
8.952781673679289787e-01
8.831229546517064266e-01
8.751753155680224161e-01
8.620850864890136078e-01
8.527349228611500465e-01
8.527349228611500465e-01
8.527349228611500465e-01
8.527349228611500465e-01
8.513323983169704956e-01
8.466573165030387704e-01
8.457223001402524032e-01
8.452547919588593306e-01
8.452547919588593306e-01
8.452547919588593306e-01
8.452547919588593306e-01
8.447872837774661470e-01
8.438522674146797797e-01
8.438522674146797797e-01
8.438522674146797797e-01
8.438522674146797797e-01
8.438522674146797797e-01
8.438522674146797797e-01
8.419822346891070453e-01
8.419822346891070453e-01
8.419822346891070453e-01
8.415147265077138616e-01
8.415147265077138616e-01
8.415147265077138616e-01
8.415147265077138616e-01
8.415147265077138616e-01
8.415147265077138616e-01
8.415147265077138616e-01
8.415147265077138616e-01
8.410472183263206780e-01
8.410472183263206780e-01
8.410472183263206780e-01
8.410472183263206780e-01
8.410472183263206780e-01
8.410472183263206780e-01
8.405797101449274944e-01
8.405797101449274944e-01
8.405797101449274944e-01
8.405797101449274944e-01
8.405797101449274944e-01
8.401122019635343108e-01
8.401122019635343108e-01
8.401122019635343108e-01
8.401122019635343108e-01
8.401122019635343108e-01
8.396446937821412382e-01
8.396446937821412382e-01
8.396446937821412382e-01
8.396446937821412382e-01
8.396446937821412382e-01
8.396446937821412382e-01
8.396446937821412382e-01
8.391771856007480546e-01
8.387096774193548709e-01
8.387096774193548709e-01
8.382421692379616873e-01
8.354371201496025856e-01
8.330995792426367785e-01
8.326320710612435949e-01
8.316970546984572277e-01
8.293595137914913096e-01
8.293595137914913096e-01
8.293595137914913096e-01
8.284244974287050534e-01
8.279569892473118697e-01
8.270219728845255025e-01
8.270219728845255025e-01
8.265544647031323189e-01
8.265544647031323189e-01
8.265544647031323189e-01
8.265544647031323189e-01
8.265544647031323189e-01
8.265544647031323189e-01
8.265544647031323189e-01
8.265544647031323189e-01
8.265544647031323189e-01
8.265544647031323189e-01
8.265544647031323189e-01
8.265544647031323189e-01
8.265544647031323189e-01
8.256194483403459516e-01
8.246844319775595844e-01
8.237494156147732172e-01
8.237494156147732172e-01
8.237494156147732172e-01
8.237494156147732172e-01
8.237494156147732172e-01
8.237494156147732172e-01
8.237494156147732172e-01
8.237494156147732172e-01
8.237494156147732172e-01
8.237494156147732172e-01
8.237494156147732172e-01
8.237494156147732172e-01
8.228143992519869609e-01
8.218793828892005937e-01
8.209443665264142265e-01
8.200093501636278592e-01
8.195418419822346756e-01
8.190743338008414920e-01
8.190743338008414920e-01
8.190743338008414920e-01
8.190743338008414920e-01
8.190743338008414920e-01
8.190743338008414920e-01
8.190743338008414920e-01
8.186068256194483084e-01
8.186068256194483084e-01
8.186068256194483084e-01
8.186068256194483084e-01
8.186068256194483084e-01
8.181393174380551248e-01
8.181393174380551248e-01
8.181393174380551248e-01
8.176718092566619411e-01
8.176718092566619411e-01
8.172043010752688685e-01
8.172043010752688685e-01
8.172043010752688685e-01
8.167367928938756849e-01
8.167367928938756849e-01
8.167367928938756849e-01
8.167367928938756849e-01
8.167367928938756849e-01
8.167367928938756849e-01
8.167367928938756849e-01
8.162692847124825013e-01
8.158017765310893177e-01
8.148667601683029504e-01
8.148667601683029504e-01
8.143992519869097668e-01
8.143992519869097668e-01
8.143992519869097668e-01
8.139317438055165832e-01
8.139317438055165832e-01
8.139317438055165832e-01
8.139317438055165832e-01
8.134642356241233996e-01
8.134642356241233996e-01
8.134642356241233996e-01
8.129967274427302160e-01
8.129967274427302160e-01
8.125292192613370323e-01
8.115942028985507761e-01
8.106591865357644089e-01
8.101916783543712253e-01
8.097241701729780416e-01
8.092566619915848580e-01
8.087891538101916744e-01
8.073866292660121236e-01
8.069191210846189399e-01
8.059841047218326837e-01
8.055165965404395001e-01
8.050490883590463165e-01
8.041140719962599492e-01
8.036465638148667656e-01
8.031790556334735820e-01
8.027115474520803984e-01
8.022440392706872148e-01
8.022440392706872148e-01
8.017765310892940311e-01
8.013090229079008475e-01
8.013090229079008475e-01
8.013090229079008475e-01
8.013090229079008475e-01
8.013090229079008475e-01
8.013090229079008475e-01
8.013090229079008475e-01
8.013090229079008475e-01
8.013090229079008475e-01
8.013090229079008475e-01
8.008415147265076639e-01
8.003740065451145913e-01
7.999064983637214077e-01
7.999064983637214077e-01
7.999064983637214077e-01
7.999064983637214077e-01
7.999064983637214077e-01
7.999064983637214077e-01
7.999064983637214077e-01
7.999064983637214077e-01
7.999064983637214077e-01
7.999064983637214077e-01
7.999064983637214077e-01
7.999064983637214077e-01
7.999064983637214077e-01
7.999064983637214077e-01
