0.465357
0.985317
0.569413
0.545378
0.816032
0.658812
0.342232
0.998702
0.753349
0.995871
0.567721
0.801603
0.876248
1.000000
0.842285
0.734307
0.757567
0.940948
0.569542
0.919814
0.476522
0.972988
0.718026
0.739357
0.999794
0.805700
0.556470
0.973637
0.871515
0.957388
0.957734
0.475328
0.469020
0.521701
0.623284
0.423510
0.970145
0.853113
0.693396
0.861155
0.577753
0.722707
0.962996
0.600600
0.552952
0.690492
0.994526
0.639356
0.631521
0.660509
0.990237
0.957809
0.867332
0.539505
0.961332
0.984851
0.959117
0.505997
0.469031
0.397468
0.635538
0.991218
0.783503
0.990007
0.815119
0.916936
0.999995
0.745195
0.989184
0.880858
0.956165
0.899519
0.827180
0.557463
0.392490
0.950310
0.791326
0.735353
0.915013
0.702602
1.000000
0.922148
0.943953
0.982333
0.876197
0.851953
0.999941
0.603680
0.406821
0.693582
0.595527
0.974547
0.679447
0.556691
0.554782
0.999998
0.550612
0.449894
0.343359
0.808247
0.701573
0.964301
0.549406
0.999575
0.999999
0.949659
0.456345
0.888207
0.832302
0.935713
0.907415
0.698343
0.437224
0.905806
0.973102
0.947899
1.000000
0.472333
0.776075
0.963282
0.661888
0.934707
0.714291
0.699976
0.999985
0.639969
0.999690
0.709850
0.563512
0.849039
0.995502
0.925976
0.421765
0.934439
0.636585
0.998967
0.962394
0.352092
0.362434
0.995861
0.960030
0.917634
0.700181
0.823458
0.669996
0.707645
0.733262
0.673640
0.595435
0.936299
0.927760
0.616743
1.000000
0.601941
0.972093
0.557083
0.998470
0.939029
0.566203
0.848230
0.766583
0.509966
0.999010
0.459206
0.637356
0.676132
0.603877
0.920060
0.762236
0.611969
0.965961
0.696517
0.794174
0.997384
0.997516
0.776573
0.640424
0.749684
0.465334
0.799909
0.526529
0.968822
0.839128
0.983146
0.502634
0.507827
0.729899
0.994137
0.669546
0.484952
0.476167
0.763621
0.466989
0.999571
0.973903
0.864127
0.656488
0.667693
1.000000
0.948396
0.592779
0.593117
0.497570
0.929977
0.423766
0.574596
0.560283
0.795488
1.000000
0.619094
0.850111
0.673991
0.623333
0.575987
0.556757
0.355313
0.841797
0.986359
0.562156
0.388404
0.925889
0.847994
0.833127
0.608904
0.580572
0.896501
0.713575
0.875843
0.988719
0.870589
0.867399
0.859714
0.498604
0.617096
0.927218
0.999419
0.989149
0.832324
0.966857
0.763073
0.880833
0.655298
0.949045
0.997791
0.993796
0.998381
0.851639
0.461481
0.680604
0.610608
0.987647
0.973049
0.969897
0.710977
0.531316
0.380461
0.530896
0.729273
0.995199
0.790628
0.980095
0.994177
0.445886
0.618561
0.992959
0.886781
0.986725
0.754737
0.619679
0.917871
0.973701
0.930774
0.859812
0.939964
0.357042
0.590234
0.902208
0.999998
0.574219
0.968059
0.856284
0.966209
0.697907
0.790602
0.613027
0.819275
0.999696
0.771458
0.943319
0.515945
0.543136
0.850079
1.000000
0.999989
0.994001
0.982247
0.999602
0.987132
0.999997
0.956439
0.960761
0.865588
0.467285
0.939752
0.999961
0.971188
0.947524
0.794271
0.655440
0.729365
0.985710
0.896549
0.989553
0.959483
0.597202
0.998657
0.580377
0.999286
0.687558
0.567140
0.985001
0.938393
0.849710
0.858049
0.999746
0.840261
0.862188
0.775348
0.845847
0.994272
0.966120
0.725778
1.000000
0.959338
0.966429
0.999720
0.945983
0.740731
0.879597
0.517810
0.600959
0.930313
0.715127
0.699467
0.933165
0.903926
0.614278
0.954014
0.999910
0.961082
0.604498
0.479041
0.505591
0.979025
0.999959
0.690636
0.359028
0.990112
0.550288
0.589355
0.954683
0.765199
0.635534
0.714567
0.736726
0.646192
0.696295
0.974409
0.736177
0.746037
0.814763
0.861630
0.790846
0.606865
0.559567
0.652141
0.851177
0.736370
0.402555
0.906401
0.552300
0.499122
0.999994
0.997811
0.739348
0.700373
0.632888
0.706828
0.371476
0.995640
0.965999
0.948461
0.527531
0.642385
0.969865
0.763233
0.979822
0.546068
1.000000
0.697542
0.993292
1.000000
0.734026
0.916440
0.418605
1.000000
0.797421
0.501280
