0.974351
0.997668
0.541031
0.847878
0.769563
0.791722
0.510613
0.905128
0.988402
0.772628
0.512864
0.822621
0.512394
0.860688
0.478723
0.331538
0.787076
0.963253
0.677731
0.521604
0.494138
0.610171
0.505820
0.760783
0.907217
0.999295
0.984736
0.956253
0.920438
0.950237
0.690274
0.877724
0.984656
0.584218
0.972323
0.843458
0.341986
0.897757
0.601019
0.968508
0.396141
0.752715
0.963618
0.768287
0.698274
0.357471
0.914939
0.943973
0.998133
0.579953
0.925465
0.438063
0.852403
0.999949
0.506664
0.994780
0.648990
0.723016
0.638257
0.596295
0.769649
0.664341
0.880504
0.496940
0.868778
0.417562
0.988873
0.866066
0.990948
0.807347
0.504373
0.404143
0.980281
0.947922
0.747024
0.998837
0.968710
0.777893
0.574190
0.762546
0.979725
0.863256
0.587565
0.992100
0.699822
0.534085
0.754953
0.720467
0.786098
0.883019
0.955184
0.676816
0.508934
0.972197
0.739029
0.743324
0.694871
0.995441
0.479129
0.360041
0.771520
0.836529
0.895094
0.998608
0.991454
0.795852
0.484019
0.990591
0.881476
0.861390
0.957933
0.971543
0.983288
0.997630
0.686516
0.724294
0.988700
0.732915
0.967582
0.641067
0.645446
0.748012
0.622842
0.601700
0.607252
0.591723
0.876322
0.988271
0.808172
0.848269
0.697676
0.673293
0.545115
0.499036
0.836280
0.998735
0.977215
0.794114
0.917392
0.999569
0.968830
0.658054
0.977347
0.836965
0.852911
0.644904
0.938868
0.312379
0.668420
0.565737
0.707559
0.417946
0.780288
0.865623
0.987474
0.502643
0.998833
0.989423
0.941340
0.958274
0.989636
0.966531
0.676638
0.848690
0.412888
0.428145
0.853378
0.537926
0.857739
0.932518
0.955785
0.974768
0.999156
0.949349
0.964174
0.778010
0.560413
0.636227
0.758456
0.621388
0.833602
0.793887
0.979819
0.974139
0.997222
0.890220
0.846761
0.782585
0.995203
0.892941
0.867733
0.458645
0.993969
0.951648
0.954147
0.579606
0.994439
0.996756
0.440512
0.818627
0.771177
0.891154
0.811179
0.975004
0.804057
0.679175
0.667546
0.970052
0.805641
0.874896
0.795427
0.936520
0.914292
0.867250
0.681880
0.707324
0.549623
0.665047
0.860771
0.985663
0.867316
0.766188
0.979820
0.555724
0.439265
0.537754
0.990758
0.370869
0.795754
0.325649
0.808028
0.977749
0.965138
0.999352
0.958936
0.587889
0.996512
0.995367
0.663427
0.989089
0.994759
0.997607
0.968048
0.984271
0.849699
0.525872
0.886735
0.979539
0.554988
0.481392
0.944114
0.972894
0.920870
0.980842
0.566862
0.795523
0.992070
0.974681
0.985595
0.794650
0.654502
0.997369
0.512178
0.669280
0.618686
0.968503
0.960471
0.892256
0.995271
0.954735
0.987749
0.999156
0.845981
0.785131
0.971504
0.902759
0.790714
0.664994
0.999701
0.667409
0.811385
0.993882
0.986317
0.993887
0.543623
0.476032
0.950900
0.740128
0.967540
0.701905
0.506582
0.831789
0.618622
0.981694
0.989466
0.654096
0.873759
0.615553
0.878025
0.916242
0.991927
0.500509
0.476716
0.768187
0.989290
0.978563
0.861985
0.991026
0.757833
0.774071
0.990372
0.955276
0.984205
0.903503
0.999866
0.882587
0.942175
0.969550
0.986224
0.471044
0.556594
0.829511
0.945767
0.980932
0.685283
0.986427
0.967420
0.803060
0.684669
0.860769
0.812677
0.949616
0.741131
0.999892
0.601343
0.992880
0.336122
0.393622
0.747212
0.908778
0.649556
0.561321
0.999972
0.830050
0.420578
0.513468
0.904110
0.673406
0.812202
0.970388
0.691419
0.962066
0.984851
0.463831
0.875011
0.811509
0.579107
0.685350
0.997449
0.952981
0.506995
0.965733
0.492378
0.681902
0.959311
0.806916
0.878569
0.633788
0.808650
0.938051
0.942039
0.871655
0.380835
0.955727
0.596125
0.851878
0.513057
0.462264
0.533377
0.829682
0.520825
0.917232
0.888512
0.998692
0.972395
0.602505
0.906209
0.772797
0.696129
0.935628
0.553170
0.850933
1.000000
0.990234
0.994108
0.885070
0.939170
0.989175
0.637140
0.974200
0.527033
