0.897436
0.935369
0.847663
0.585616
0.874310
0.875898
0.718914
0.832225
0.928009
0.882260
0.571708
0.942094
0.656553
0.913598
0.894651
0.883199
0.410193
0.873928
0.428694
0.780701
0.540872
0.942086
0.875738
0.679045
0.891186
0.644661
0.938368
0.887939
0.884243
0.540570
0.889529
0.894755
0.931304
0.884394
0.859659
0.930565
0.872379
0.890593
0.878227
0.728536
0.820685
0.875271
0.866633
0.584663
0.507792
0.781397
0.882793
0.874430
0.779108
0.904073
0.903606
0.890271
0.878496
0.697872
0.837193
0.887260
0.882183
0.640418
0.397237
0.371000
0.773014
0.882649
0.880484
0.883405
0.718617
0.850364
0.814976
0.744561
0.886293
0.634463
0.882847
0.884212
0.722708
0.556236
0.876754
0.507151
0.585474
0.850573
0.868218
0.698614
0.879502
0.877751
0.869362
0.880490
0.602086
0.516281
0.649154
0.592852
0.496578
0.819723
0.882129
0.882010
0.334303
0.874686
0.884168
0.880627
0.871815
0.882505
0.890440
0.882260
0.956949
0.599916
0.387796
0.877710
0.858707
0.625678
0.880793
0.859083
0.876985
0.762576
0.879988
0.660889
0.881440
0.873394
0.865994
0.887031
0.941967
0.413803
0.880810
0.746137
0.828637
0.879904
0.874145
0.876758
0.726833
0.829922
0.874962
0.879567
0.982259
0.821167
0.880608
0.879444
0.748327
0.620468
0.570996
0.597937
0.431082
0.881259
0.736675
0.872915
0.619349
0.883567
0.863869
0.877586
0.882809
0.889871
0.855927
0.972481
0.886157
0.871252
0.850418
0.433065
0.844250
0.979526
0.844720
0.871050
0.879705
0.860987
0.708312
0.782103
0.923928
0.868909
0.876463
0.789363
0.620466
0.667614
0.877942
0.658056
0.885956
0.878104
0.714815
0.700661
0.868921
0.626241
0.886826
0.951987
0.881261
0.866506
0.876452
0.894087
0.886281
0.884529
0.879678
0.713914
0.840749
0.727350
0.711587
0.894102
0.976137
0.771898
0.828424
0.881119
0.885859
0.870120
0.883557
0.723158
0.828046
0.828818
0.891653
0.881280
0.632957
0.545233
0.881442
0.820889
0.869403
0.876669
0.883178
0.719767
0.874121
0.877480
0.801296
0.862118
0.664544
0.884248
0.888834
0.866187
0.890574
0.757932
0.980368
0.646776
0.890975
0.874725
0.884067
0.860667
0.726443
0.940316
0.885733
0.879599
0.870670
0.885010
0.877537
0.871942
0.765952
0.607600
0.685412
0.603374
0.398045
0.493137
0.592924
0.867188
0.878799
0.408123
0.875797
0.871306
0.878816
0.877741
0.884848
0.674463
0.690780
0.642662
0.904065
0.844117
0.887951
0.393115
0.774410
0.535466
0.806241
0.885579
0.855621
0.750068
0.871338
0.887349
0.547845
0.725298
0.874657
0.809670
0.880554
0.878963
0.873284
0.855456
0.627949
0.890865
0.775965
0.815771
0.461825
0.757547
0.880068
0.887035
0.878179
0.882910
0.884243
0.879561
0.737982
0.876135
0.879013
0.847063
0.904563
0.881989
0.660086
0.656080
0.841075
0.887021
0.898285
0.608019
0.749649
0.866220
0.869905
0.883985
0.871381
0.797317
0.546519
0.892332
0.771618
0.882568
0.873677
0.793451
0.872837
0.791317
0.979494
0.874800
0.878840
0.882927
0.882098
0.876997
0.920660
0.878956
0.885419
0.755824
0.875688
0.847964
0.881878
0.705775
0.544671
0.980053
0.881915
0.781917
0.874522
0.757753
0.880100
0.874835
0.879906
0.961248
0.850429
0.746811
0.876329
0.883113
0.575171
0.519867
0.984011
0.890381
0.467635
0.672158
0.378981
0.704696
0.881071
0.719289
0.878346
0.733761
0.418343
0.871023
0.770052
0.878469
0.841656
0.886729
0.872445
0.889420
0.854839
0.883401
0.852185
0.397435
0.674573
0.871825
0.482690
0.899695
0.807114
0.878925
0.874881
0.873822
0.649030
0.806982
0.993064
0.870031
0.874729
0.748815
0.858849
0.837722
0.403559
0.471623
0.821984
0.877480
0.881997
0.877020
0.867129
0.720241
0.899033
0.802682
0.867891
0.892782
0.884705
0.499440
0.875156
0.887860
0.552658
0.875034
0.715084
0.876445
0.884847
0.882775
0.787147
0.898729
0.840443
0.669935
0.888916
0.880864
0.824348
0.582714
0.884901
0.883285
0.554076
0.862890
0.867088
0.880702
0.830221
0.822553
0.435872
0.796745
0.883291
0.750253
0.609561
0.855192
0.882886
0.822216
0.876128
0.880654
0.898648
0.881797
0.830880
0.883189
0.810289
0.709813
0.884947
0.599349
0.676182
0.886232
0.719220
0.879510
0.880837
0.881720
0.452426
0.866602
0.875565
0.899867
0.427482
0.800775
0.884976
0.643221
0.873371
0.818189
0.882569
0.820594
0.710148
0.398506
0.884327
0.892506
0.716595
0.627247
0.872774
0.884275
0.641089
0.878044
0.901636
0.869969
0.940907
0.756287
0.846189
0.703480
0.872173
0.886290
0.871014
0.549608
0.618709
0.957723
0.644641
0.786743
0.898707
0.712033
0.889896
0.884835
0.781483
0.699577
0.495647
0.882712
0.744010
0.887233
0.886113
0.880692
0.895479
0.892963
0.775450
0.459995
0.878467
0.405161
0.749712
0.862583
0.881810
0.834494
0.886250
0.654353
0.884008
0.882358
0.695768
0.875877
0.886890
0.491866
0.871747
0.883915
0.882558
0.902875
0.654007
0.462827
0.579269
0.881991
0.862920
0.889467
0.386618
0.719914
0.885252
0.787385
0.883870
0.886766
0.874188
0.883446
0.565693
0.884756
0.546605
0.864421
0.755655
0.882243
0.890694
0.870906
0.986471
0.867771
0.894987
0.764095
0.862559
0.870984
0.701616
0.888340
0.589298
0.875606
0.874832
0.876852
0.685413
0.877112
0.883920
0.882129
0.868974
0.553573
0.891116
0.892659
0.781444
0.919264
0.873611
0.864977
0.705107
0.612088
0.872599
0.426065
0.881591
0.765242
0.415898
0.793617
0.884057
0.636457
0.891642
0.891834
0.755225
0.885186
0.887820
0.906576
0.863702
0.876674
0.467275
0.900730
0.615703
0.654616
0.901878
0.885977
0.881324
0.783372
0.721227
0.446255
0.438508
0.885062
0.877242
0.876974
0.806460
0.892570
0.882144
0.985728
0.881714
0.860961
0.889677
0.589620
0.883563
0.532238
0.686878
0.886519
0.895466
0.890242
0.878767
0.874916
0.743916
0.884939
0.873175
0.653089
0.880720
0.577320
0.844270
0.896605
0.878666
0.731018
0.686334
0.887318
0.874162
0.874507
0.392619
0.886067
0.442530
0.882000
0.873864
0.518193
0.466526
0.884374
0.792024
0.888198
0.518044
0.879808
0.875749
0.493070
0.884414
0.875212
0.718566
0.875671
0.501165
0.887980
0.827613
0.900099
0.883170
0.880745
0.880688
0.432875
0.814304
0.883208
0.874637
0.687520
0.881290
0.703835
0.881766
0.889754
0.879272
0.664502
0.962216
0.733419
0.887045
0.916161
0.895443
0.880941
0.896308
0.743408
0.882492
0.842870
0.882439
0.880485
0.877086
0.742855
0.508045
0.638298
0.827346
0.544730
0.861153
0.884022
0.710030
0.873038
0.683449
0.878127
0.881753
0.927808
0.906738
0.884787
0.878664
0.463137
0.878300
0.872774
0.868912
0.542921
0.687273
0.949660
0.870890
0.751258
0.528686
0.872069
0.349509
0.876337
0.883701
0.876852
0.700089
0.832182
0.464029
0.873469
0.878453
0.880966
0.515145
0.796364
0.908229
0.749929
0.888413
0.879849
0.900081
0.884360
0.615542
0.794200
0.780238
0.517945
0.829667
0.891363
0.881797
0.587906
0.324174
0.885712
0.885069
0.883253
0.863567
0.810168
0.524025
0.876347
0.883413
0.636931
0.865585
0.894288
0.700733
0.884609
0.885117
0.565680
0.802486
0.867577
0.755638
0.872276
0.835859
0.816494
0.878904
0.822517
0.641138
0.877644
0.875936
0.879241
0.879776
0.870441
0.883425
0.884179
0.885500
0.878471
0.877008
0.888422
0.713978
0.525123
0.875243
0.880751
0.412257
0.803208
0.651958
0.778866
0.883642
0.894238
0.787121
0.880824
0.886806
0.855072
0.917697
0.881170
0.882362
0.882709
0.882050
0.894839
0.854101
0.874719
0.867295
0.878702
0.882342
0.860280
0.859254
0.722703
0.875051
0.654847
0.873919
0.550472
0.871626
0.883097
0.433070
0.806888
0.878580
0.709091
0.532538
0.881508
0.862577
0.673510
0.884018
0.893820
0.879333
0.881244
0.860207
0.884142
0.900678
0.720968
0.886799
0.763847
0.701739
0.603463
0.874568
0.864614
0.872367
0.791493
0.882580
0.796467
0.741891
0.536772
0.884525
0.614288
0.489532
0.877233
0.765401
0.880420
0.478472
0.873455
0.920316
0.811539
0.915216
0.902777
0.877656
0.716257
0.876223
0.867522
0.657501
0.888096
0.887807
0.883674
0.885184
0.872322
0.849652
0.903197
0.357650
0.908183
0.875362
0.987870
0.944385
0.590373
0.791389
0.845365
0.360117
0.869740
0.870061
0.882237
0.827203
0.858289
0.813428
0.877718
0.709705
0.711371
0.922051
0.301430
0.739815
0.813077
0.882447
0.946378
0.625383
0.809432
0.666866
0.882509
0.690245
0.853018
0.689214
0.819622
0.834320
0.767322
0.815147
0.504643
0.601332
0.272020
0.634425
0.855341
0.940061
0.640693
0.323367
0.644910
0.839633
0.794726
0.814850
0.736740
0.883623
0.758945
0.627715
0.883390
0.675695
0.883736
0.631654
0.642109
0.594345
0.806158
0.930322
0.926539
0.801006
0.508114
0.614017
0.771987
0.911646
0.761809
0.709357
0.671241
0.896452
0.775164
0.682098
0.404695
0.940079
0.804310
0.741180
0.531104
0.848731
0.829668
0.667085
0.875401
0.686068
0.812723
0.744580
0.338973
0.846623
0.688684
0.934943
0.762465
0.820546
0.710391
0.624962
0.516772
0.616868
0.783279
0.918707
0.601686
0.790008
0.407983
0.791990
0.580865
0.750174
0.834877
0.891443
0.681719
0.794726
0.831864
0.884530
0.903606
0.626554
0.932275
0.454110
0.795808
0.713727
0.713962
0.471031
0.811017
0.819440
0.777990
0.658459
0.620932
0.772326
0.477172
0.708750
0.753618
0.617596
0.364797
0.996425
0.464493
0.389611
0.314973
0.801082
0.793439
0.591265
0.767474
0.659129
0.735904
0.685386
0.659930
0.791660
0.830965
0.879993
0.951924
0.986728
0.480477
0.868499
0.819606
0.801804
0.810485
0.764820
0.794414
0.738775
0.805241
0.621151
0.453966
0.755659
0.477620
0.809170
0.750909
0.869143
0.686146
0.718326
0.514240
0.448417
0.895171
0.553549
0.739360
0.812783
0.843917
0.993740
0.678690
0.465684
0.736317
0.738484
0.507209
0.896791
0.783155
0.743244
0.912052
0.522486
0.611654
0.752240
0.512120
0.439796
0.627583
0.909091
0.691730
0.676387
0.819635
0.846883
0.455031
0.608818
0.942234
0.845809
0.560583
0.908584
0.837567
0.774898
0.751091
0.609547
0.656760
0.580397
0.819774
0.429396
0.775332
0.794335
0.814270
0.786248
0.817006
0.604957
0.816261
0.825026
0.725080
0.742827
0.829556
0.868341
0.875818
0.436834
0.344761
0.430938
0.819242
0.740946
0.520066
0.802442
0.704688
0.745711
0.696439
0.787603
0.598087
0.769185
0.791215
0.694379
0.749071
0.756996
0.746840
0.702338
0.814611
0.445708
0.526761
0.681217
0.768752
0.683448
0.690001
0.745102
0.808600
0.609125
0.589362
0.708228
0.678547
0.868943
0.966483
0.748222
0.862429
0.764612
0.787158
0.783491
0.834605
0.760148
0.443631
0.819879
0.803345
0.733472
0.727310
0.833074
0.782457
0.808366
0.808002
0.560833
0.792964
0.848771
0.714728
0.775073
0.633022
0.717347
0.775300
0.488919
0.853737
0.825553
0.814364
0.824329
0.702002
0.800546
0.827321
0.606310
0.769349
0.700338
0.842660
