0.896086
0.506682
0.769835
0.416857
0.818590
0.743816
0.773961
0.939020
0.706231
0.573823
0.766225
0.823052
0.937021
0.467578
0.810847
0.557285
0.796628
0.569176
0.583420
0.832631
0.545315
0.906592
0.776961
0.908467
0.910671
0.948676
0.638405
0.859918
0.899435
0.828021
0.959103
0.791746
0.933233
0.737721
0.844247
0.916785
0.854519
0.656424
0.514251
0.667530
0.895896
0.815210
0.493530
0.564492
0.839559
0.889654
0.865819
0.884836
0.904860
0.867971
0.526778
0.581663
0.928728
0.929001
0.581712
0.753730
0.901693
0.954014
0.869193
0.593911
0.684583
0.427446
0.547820
0.914391
0.751571
0.927314
0.951263
0.503552
0.867376
0.581785
0.910313
0.456910
0.771467
0.948951
0.611001
0.831415
0.877041
0.951177
0.944502
0.553410
0.407349
0.599070
0.494162
0.595794
0.929097
0.933031
0.541529
0.771105
0.931758
0.832067
0.906628
0.590130
0.920125
0.733838
0.904424
0.947875
0.674379
0.532286
0.671098
0.878283
0.919932
0.735031
0.552270
0.484537
0.809340
0.837631
0.937356
0.697872
0.933286
0.474431
0.902449
0.874838
0.812881
0.882223
0.923743
0.625030
0.545508
0.874019
0.911094
0.873610
0.734454
0.932457
0.798028
0.934910
0.747241
0.534691
0.572129
0.678681
0.789852
0.929639
0.789823
0.436829
0.519851
0.872436
0.833844
0.618702
0.852854
0.580198
0.920320
0.902104
0.958375
0.680133
0.871915
0.880065
0.796024
0.736095
0.751970
0.863571
0.547983
0.807221
0.882450
0.540703
0.511308
0.384845
0.661918
0.918837
0.726455
0.738638
0.942964
0.498125
0.908863
0.948906
0.692615
0.522326
0.889420
0.751622
0.852328
0.908860
0.893456
0.882170
0.826268
0.834971
0.937477
0.731301
0.934426
0.523418
0.955769
0.524566
0.711055
0.930504
0.550746
0.862068
0.845921
0.948894
0.807671
0.581592
0.732410
0.910717
0.770489
0.862814
0.577995
0.854708
0.945140
0.761478
0.667358
0.905722
0.913770
0.669927
0.661839
0.505944
0.948715
0.931080
0.797521
0.871610
0.562904
0.637220
0.551219
0.884008
0.791784
0.958495
0.596731
0.534206
0.511431
0.699398
0.919845
0.673072
0.920244
0.909050
0.767726
0.554619
0.734666
0.627783
0.682427
0.586159
0.829862
0.865995
0.872297
0.871988
0.938762
0.795649
0.918940
0.772968
0.604999
0.468842
0.828348
0.887739
0.857043
0.658293
0.490841
0.687649
0.505690
0.942889
0.900889
0.604286
0.809064
0.956344
0.749336
0.696878
0.765380
0.544970
0.887451
0.834748
0.909984
0.527312
0.780954
0.700573
0.544081
0.514553
0.651021
0.901601
0.899540
0.883827
0.893879
0.950974
0.818196
0.695797
0.940552
0.952348
0.771769
0.959194
0.913049
0.786141
0.537870
0.693419
0.906389
0.723498
0.656436
0.708368
0.714978
0.857790
0.695683
0.557169
0.619033
0.828190
0.911314
0.533507
0.905291
0.900673
0.474689
0.644362
0.534418
0.829557
0.727317
0.907014
0.896318
0.950158
0.835017
0.811597
0.560384
0.889549
0.629594
0.810836
0.817913
0.961775
0.728725
0.881779
0.583681
0.911603
0.499523
0.439384
0.493814
0.893074
0.791114
0.941473
0.539847
0.928848
0.893768
0.614744
0.943862
0.920513
0.888959
0.476110
0.697710
0.779648
0.596021
0.901007
0.609978
0.922567
0.711924
0.348581
0.565759
0.810538
0.951747
0.610395
0.886403
0.698444
0.793446
0.609532
0.897469
0.765201
0.831532
0.839917
0.929317
0.744040
0.950851
0.757217
0.688488
0.825971
0.546971
0.886383
0.741794
0.382524
0.798251
0.756947
0.931277
0.500837
0.490155
0.464409
0.545002
0.503254
0.773688
0.948622
0.529901
0.851381
0.640802
0.520206
0.607937
0.933263
0.924363
0.857723
0.730895
0.926484
0.683463
0.896955
0.949198
0.945522
0.485844
0.943128
0.939523
0.758469
0.869833
0.512414
0.874819
0.930416
0.827886
0.931847
0.563784
0.888936
0.705007
0.558394
0.643792
0.659005
0.580326
0.933892
0.701628
0.514135
0.907732
0.837123
0.883019
0.845187
0.765964
0.598656
0.709723
0.632713
0.604238
0.807146
0.847962
0.876854
0.508078
0.930784
0.921909
0.913022
0.870840
0.755407
0.586942
0.920150
0.548939
0.592939
0.876358
0.904591
0.669292
0.800983
0.941044
0.959296
0.676180
0.874940
0.927645
0.907577
0.837627
0.774803
0.681093
0.834077
0.572346
0.892066
0.702711
0.824021
0.891784
0.911524
0.523690
0.575189
0.812940
0.915377
0.925203
0.387672
0.481076
0.882671
0.497088
0.881023
0.928385
0.452588
0.661653
0.732395
0.834517
0.944828
0.855858
0.643731
0.472049
0.414563
0.433858
0.687199
0.499387
0.901485
0.908996
0.660512
0.799910
0.509127
0.932921
0.595636
0.910477
0.904930
0.934963
0.958015
0.697333
0.650856
0.935409
0.690115
0.548642
0.785306
0.843025
0.888943
0.940733
0.879519
0.879532
0.930952
0.859944
0.592936
0.527477
0.822218
0.861505
0.943472
0.828113
0.635761
0.557510
0.795029
0.927899
0.798257
0.949983
0.496011
0.594832
0.955020
0.894519
0.922539
0.922623
0.913573
0.472112
0.903048
0.783947
0.906189
0.697197
0.938750
0.514243
0.872150
0.712510
0.870931
0.522117
0.442726
0.923568
0.729043
0.732045
0.532452
0.350143
0.924390
0.604803
0.561329
0.902522
0.884009
0.643714
0.419849
0.843752
0.929228
0.626222
0.942155
0.826494
0.589089
0.911757
0.895458
0.602913
0.889146
0.897527
0.749570
0.774112
0.582842
0.819357
0.866821
0.649446
0.900870
0.937310
0.815454
0.896746
0.520937
0.830593
0.647563
0.559173
0.937957
0.927565
0.514617
0.737200
0.632705
0.661810
0.869579
0.620584
0.485912
0.691172
0.909589
0.905309
0.714109
0.601195
0.928826
0.910851
0.900796
0.604161
0.888613
0.811203
0.667678
0.426242
0.852327
0.939376
0.885138
0.925809
0.614244
0.859961
0.739327
0.490578
0.941802
0.522293
0.712614
0.664736
0.778182
0.958521
0.560863
0.593727
0.789136
0.778567
0.798801
0.949843
0.814918
0.702649
0.566875
0.798200
0.926333
0.527326
0.948727
0.854425
0.861189
0.565897
0.891776
0.487427
0.787029
0.923886
0.930766
0.772808
0.820477
0.947016
0.888811
0.532898
0.886664
0.838763
0.931324
0.689368
0.554015
0.850479
0.936484
0.793403
0.518359
0.929108
0.461021
0.945004
0.790920
0.946056
0.427714
0.669651
0.930890
0.929073
0.898140
0.818507
0.874409
0.549785
0.728633
0.628496
0.849497
0.501933
0.749111
0.625608
0.522406
0.446754
0.743542
0.472627
0.585260
0.715486
0.754763
0.535501
0.579213
0.835086
0.730394
0.915478
0.855865
0.659788
0.851740
0.853023
0.314742
0.481017
0.845642
0.833958
0.719325
0.521709
0.787937
0.640529
0.871984
0.746005
0.450360
0.495340
0.864476
0.816081
0.950269
0.869488
0.545563
0.639941
0.609870
0.535196
0.744677
0.857340
0.777454
0.754035
0.554477
0.689791
0.680215
0.664232
0.609269
0.601025
0.831090
0.775406
0.754436
0.801550
0.517804
0.679221
0.937177
0.602728
0.679571
0.796557
0.639411
0.927520
0.915048
0.600723
0.818829
0.532647
0.586818
0.926499
0.914531
0.714277
0.758989
0.825368
0.519551
0.912002
0.822133
0.627919
0.694124
0.666269
0.370561
0.901272
0.551034
0.613403
0.855277
0.675531
0.581316
0.737739
0.892245
0.924425
0.846868
0.924049
0.869013
0.898657
0.940583
0.605705
0.882228
0.748494
0.650241
0.937472
0.855952
0.656189
0.728695
0.888706
0.751350
0.485497
0.941296
0.927579
0.710159
0.821136
0.668178
0.957171
0.855302
0.823937
0.512750
0.966168
0.590165
0.942668
0.785306
0.889206
0.951338
0.859550
0.908374
0.470415
0.884158
0.550880
0.887575
0.800774
0.921335
0.509065
0.946470
0.372935
0.515613
0.776747
0.886423
0.763397
0.470684
0.736454
0.860487
0.911797
0.921755
0.795881
0.913185
0.937267
0.493623
0.885078
0.617824
0.760252
0.934263
0.785964
0.814830
0.632660
0.863105
0.622259
0.672406
0.629125
0.669440
0.734819
0.858314
0.950775
0.463721
0.928926
0.592748
0.524281
0.520016
0.919955
0.838418
0.843654
0.688769
0.594152
0.900719
0.920022
0.529217
0.508860
0.878804
0.880415
0.549393
0.769741
0.679569
0.897643
0.837934
0.778028
0.876191
0.494894
0.471839
0.655370
0.534799
0.915160
0.451348
0.777469
0.769665
0.667085
0.748973
0.488537
0.746731
0.928883
0.632900
0.829467
0.489611
0.919223
0.619123
0.760221
0.738731
0.609863
0.619269
0.660668
0.643250
0.559849
0.830606
0.625618
0.703423
0.449579
0.738757
0.587093
0.617869
0.707131
0.648553
0.456283
0.680668
0.400005
0.890724
0.597007
0.551597
0.457432
0.494770
0.486371
0.519421
0.549316
0.680436
0.557545
0.426822
0.657230
0.564704
0.793607
0.547364
0.646881
0.662841
0.604632
0.625296
0.542475
0.583475
0.860111
0.544207
0.541198
0.844761
0.815894
0.672673
0.700168
0.559770
0.544332
0.460913
0.646415
0.572648
0.638711
0.842922
0.370606
0.577845
0.614004
0.702602
0.481728
0.456258
0.541258
0.505297
0.715115
0.794818
0.504717
0.851101
0.713936
0.624918
0.591799
0.639466
0.719063
0.633507
0.605197
0.588938
0.552880
0.593941
0.637973
0.561884
0.589538
0.518584
0.554639
0.619009
0.660690
0.780820
0.798085
0.510769
0.629348
0.752984
0.480978
0.583029
0.777776
0.688359
0.670830
0.762205
0.803563
0.816371
0.510242
0.637064
0.606995
0.481411
0.612807
0.714551
0.748918
0.625799
0.608090
0.679623
0.531127
0.502914
0.589250
0.615236
0.534959
0.581782
0.491080
0.721967
0.759873
0.727393
0.575240
0.615665
0.528413
0.545332
0.747980
0.520085
0.719391
0.604797
0.533420
0.605999
0.803714
0.761271
0.575948
0.564113
0.561503
0.707159
0.732291
0.801050
0.534686
0.657236
0.628218
0.455579
0.719428
0.533762
0.789828
0.888526
0.701074
0.714237
0.398135
0.545235
0.666905
0.615223
0.484497
0.672900
0.642777
0.577171
0.540802
0.696093
0.697693
0.575062
0.740070
0.577797
0.575306
0.462128
0.577475
0.448554
0.619310
0.719220
0.519853
0.495420
0.614830
0.930300
0.509619
0.608803
0.614009
0.665555
0.651599
0.753157
0.585541
0.674007
0.693251
0.754034
0.711235
0.719619
0.348597
0.650769
0.626010
0.552549
0.796493
0.643105
0.406959
0.789686
0.593491
0.770175
0.894161
0.847323
0.512994
0.664426
0.793032
0.534726
0.710304
0.452428
0.718633
0.685313
0.940765
0.751662
0.479123
0.435779
0.665803
0.540758
0.629010
0.640877
0.754814
0.582482
0.507531
0.674574
0.681355
0.522891
0.500586
0.581574
0.506791
0.448396
0.486081
0.741665
0.612664
0.553558
0.732070
0.542214
0.544698
0.495956
0.414995
0.518806
0.536603
0.606545
0.625875
0.657644
0.732569
0.773948
0.534029
0.614295
0.604583
0.853877
0.619059
0.689778
0.817142
0.619173
0.684856
0.856866
0.645454
0.616251
0.741362
0.747319
0.828625
0.638543
0.848740
0.644554
0.573325
0.495387
0.758233
0.587042
0.745624
0.831056
0.898026
0.873020
0.647262
0.525481
0.677355
0.655516
0.573435
0.363303
0.600129
0.607295
0.403168
