1.000000
0.999999
0.825747
0.981604
0.944332
0.999808
0.995984
0.999997
0.999997
1.000000
0.941735
0.999987
0.999958
0.612369
0.999993
1.000000
0.999694
0.999993
0.999903
0.982065
0.999947
0.991581
0.999977
0.978472
0.996284
0.999961
0.996231
1.000000
1.000000
1.000000
0.998318
0.999910
1.000000
0.999634
1.000000
0.999963
0.999677
1.000000
1.000000
0.999994
0.999590
0.983537
0.999735
1.000000
1.000000
0.981218
0.994784
0.999885
0.999994
0.999996
0.989706
1.000000
1.000000
1.000000
0.996248
0.995239
0.999872
1.000000
1.000000
0.881202
0.547983
0.999432
0.999974
1.000000
1.000000
0.998562
0.999999
0.995978
0.999970
1.000000
1.000000
1.000000
1.000000
0.989012
0.999527
1.000000
0.910802
0.985400
0.999947
1.000000
0.999604
1.000000
0.999998
0.999998
1.000000
0.531420
0.997685
0.979995
1.000000
1.000000
0.999994
1.000000
1.000000
0.999985
1.000000
1.000000
1.000000
1.000000
0.999994
0.986974
1.000000
1.000000
0.998331
0.999978
1.000000
0.999994
0.999919
1.000000
1.000000
1.000000
1.000000
1.000000
0.769738
0.983922
1.000000
0.999867
0.976756
1.000000
0.999982
1.000000
0.998807
0.999579
1.000000
0.997643
1.000000
0.996034
0.999976
0.999961
0.999999
0.999997
0.993537
0.999838
0.742272
1.000000
0.999984
0.999955
0.998727
1.000000
0.999907
1.000000
1.000000
1.000000
0.999235
0.999986
0.999284
0.998810
1.000000
0.971520
0.999871
0.999811
0.865954
1.000000
0.999991
0.999592
0.936980
0.999998
1.000000
0.999885
0.994652
0.999458
1.000000
0.972449
1.000000
1.000000
0.995742
0.993121
0.996868
0.999999
0.999156
0.992699
0.999999
1.000000
1.000000
1.000000
0.999802
1.000000
1.000000
1.000000
1.000000
0.999985
0.999642
1.000000
0.999882
0.991779
0.999955
1.000000
0.796318
1.000000
0.999798
1.000000
0.967460
0.998728
0.535442
0.999756
1.000000
0.999943
0.999947
1.000000
0.993557
1.000000
0.999931
0.999962
0.999857
1.000000
1.000000
0.999980
0.607272
0.581877
0.998681
1.000000
1.000000
0.999805
1.000000
0.756921
0.951026
0.999998
0.998884
1.000000
1.000000
1.000000
0.997654
0.980461
1.000000
0.996302
1.000000
0.999998
1.000000
1.000000
1.000000
0.947665
0.975179
0.999966
0.996361
0.999726
0.996789
0.999594
1.000000
1.000000
0.972805
0.999994
1.000000
1.000000
0.999961
1.000000
0.999550
0.999989
1.000000
1.000000
0.999815
0.999742
0.999492
0.999993
1.000000
0.999707
1.000000
1.000000
0.966149
0.998352
1.000000
0.999439
1.000000
0.999997
1.000000
0.909786
0.990226
0.999079
0.996891
0.999996
0.975534
0.999938
1.000000
1.000000
1.000000
0.999999
1.000000
1.000000
0.999721
0.978752
1.000000
1.000000
0.999964
1.000000
0.999188
0.816065
0.999757
0.992426
0.984222
1.000000
0.999973
0.993317
0.999638
1.000000
0.553931
0.999971
0.999994
1.000000
0.991570
0.998665
1.000000
0.997409
0.999999
0.983229
1.000000
1.000000
0.980728
0.999939
0.999990
1.000000
0.999649
0.999999
0.999991
0.999998
0.999963
0.997786
1.000000
0.999842
1.000000
0.994123
0.999954
0.998429
0.994579
0.999997
0.933064
0.750853
1.000000
1.000000
0.999302
1.000000
0.999945
1.000000
1.000000
0.782699
1.000000
0.994229
1.000000
0.972149
0.999331
1.000000
0.999905
1.000000
1.000000
0.913448
0.872178
1.000000
0.986253
0.999866
1.000000
0.965600
1.000000
0.997922
1.000000
1.000000
1.000000
0.986432
1.000000
0.999769
0.851989
0.982459
0.999781
0.998268
1.000000
0.999950
0.999987
1.000000
1.000000
0.999739
0.785883
0.985704
0.997346
0.987726
0.999045
1.000000
0.994090
0.999966
0.999920
0.999714
0.998324
0.999910
0.997765
1.000000
1.000000
1.000000
0.974963
1.000000
0.999789
1.000000
1.000000
1.000000
0.985867
1.000000
1.000000
1.000000
0.999997
1.000000
0.999968
1.000000
1.000000
0.663413
0.999815
0.893232
0.999977
0.992272
1.000000
0.999835
0.943379
1.000000
0.999941
1.000000
0.999999
0.999204
0.999980
0.854642
0.999975
0.988858
0.994898
0.999999
1.000000
0.966322
1.000000
1.000000
0.999553
1.000000
1.000000
1.000000
0.995764
1.000000
0.999757
0.501867
1.000000
1.000000
0.999955
1.000000
1.000000
0.995238
0.999998
1.000000
1.000000
0.705726
0.999880
0.999880
0.998910
0.999976
0.999851
1.000000
0.788012
0.997459
0.511715
1.000000
1.000000
0.997615
0.999887
1.000000
0.999916
1.000000
0.925536
0.999997
1.000000
0.991602
0.891772
1.000000
1.000000
1.000000
0.991411
0.977960
0.840510
0.998242
0.999841
0.991536
0.997573
1.000000
1.000000
0.999996
0.999890
1.000000
0.995419
1.000000
1.000000
0.999995
1.000000
0.999961
0.937197
0.998603
0.896306
1.000000
0.996710
0.999997
1.000000
0.999965
1.000000
1.000000
1.000000
0.999400
1.000000
1.000000
0.988330
1.000000
0.999991
0.995303
0.999990
0.865174
0.957156
0.999754
0.999993
0.999994
1.000000
0.999634
1.000000
0.966912
0.999966
1.000000
1.000000
1.000000
0.650786
0.999998
0.998188
1.000000
0.558768
1.000000
0.985279
1.000000
0.999858
0.999831
0.999601
1.000000
1.000000
0.925575
0.999821
1.000000
0.961317
0.999997
0.999999
1.000000
0.991107
0.999817
0.873052
0.999725
1.000000
1.000000
0.999988
0.980318
1.000000
1.000000
1.000000
0.999966
0.999997
0.993797
0.995597
1.000000
1.000000
0.558001
0.999864
0.998806
0.999975
1.000000
0.998868
1.000000
1.000000
0.509678
1.000000
0.999920
0.998895
0.759954
0.999456
0.999998
1.000000
0.999674
0.990040
0.999960
0.999981
0.998813
0.997181
1.000000
1.000000
0.999896
0.999821
1.000000
1.000000
0.999544
1.000000
1.000000
0.999999
1.000000
0.994042
0.985733
1.000000
1.000000
0.999989
1.000000
0.999874
0.999203
1.000000
1.000000
0.996996
1.000000
0.998627
0.999492
0.832237
0.999982
1.000000
0.865836
1.000000
1.000000
0.999729
0.999996
0.999755
1.000000
0.995283
1.000000
0.998396
0.965863
0.999979
1.000000
0.998977
0.999493
1.000000
0.999740
1.000000
0.982316
1.000000
0.999427
1.000000
1.000000
0.996763
1.000000
0.668041
1.000000
0.998187
1.000000
1.000000
1.000000
1.000000
0.996865
0.912871
0.998536
1.000000
1.000000
1.000000
0.984124
1.000000
0.999659
1.000000
0.999995
1.000000
0.998303
0.999730
0.994108
1.000000
0.982563
1.000000
0.999992
1.000000
0.998484
1.000000
1.000000
1.000000
0.998208
0.999921
0.997659
0.998959
0.999908
0.999655
0.993786
0.998067
0.999962
0.990376
1.000000
0.999823
1.000000
1.000000
0.811310
0.999584
0.999999
0.999740
0.999702
1.000000
1.000000
1.000000
0.998893
0.979278
0.999977
0.891793
0.999034
0.960027
0.938381
0.799254
1.000000
0.998261
0.999993
1.000000
0.999987
0.998025
0.963495
0.967609
0.998546
0.999998
0.999997
0.967839
0.999997
0.999718
0.939157
0.991162
0.999453
0.999942
0.999960
0.996228
0.988856
0.512558
0.999943
1.000000
0.971913
0.998711
1.000000
1.000000
1.000000
0.999909
0.999688
0.922152
0.987488
1.000000
1.000000
0.998114
0.999999
0.999768
0.998153
1.000000
1.000000
0.999828
0.967177
0.999996
0.994571
0.961682
0.999974
0.999763
0.989022
0.997248
0.999997
1.000000
1.000000
0.998809
1.000000
0.999944
1.000000
0.999999
0.999996
1.000000
1.000000
0.999970
0.967057
1.000000
0.999989
0.979812
0.885238
1.000000
1.000000
0.999457
0.999840
0.977936
1.000000
1.000000
1.000000
0.896875
0.979418
1.000000
1.000000
0.999968
0.999092
1.000000
0.997801
1.000000
0.992851
1.000000
1.000000
0.999904
0.999975
0.963241
0.999995
0.970656
1.000000
0.998805
1.000000
1.000000
0.957952
0.998624
0.999999
0.983953
1.000000
0.999903
0.841271
0.982854
1.000000
1.000000
1.000000
0.999927
1.000000
1.000000
0.999900
0.935848
1.000000
0.999944
0.965978
0.999988
1.000000
0.999994
1.000000
0.993779
1.000000
0.996501
0.819089
0.990279
0.924355
1.000000
0.659989
0.952242
0.999878
1.000000
0.999843
0.772956
1.000000
1.000000
0.956580
0.999562
0.999971
1.000000
1.000000
0.811252
0.999957
1.000000
0.999899
0.999963
0.982595
0.999999
0.729625
1.000000
0.999231
1.000000
0.870765
0.996808
0.995059
1.000000
0.868954
0.944477
0.863466
0.999984
0.827839
0.999315
0.991060
1.000000
0.979184
0.999996
0.680467
1.000000
0.999921
1.000000
1.000000
0.995473
0.999990
1.000000
0.999964
0.964708
0.999995
0.863169
0.956367
0.999323
0.999494
0.999974
0.999976
0.999377
0.999861
0.999999
1.000000
0.997032
0.999995
1.000000
0.996948
0.998808
0.919342
0.906904
0.999705
0.997549
0.576550
0.999979
0.950760
0.997310
0.997296
0.999990
0.995269
0.999976
0.995504
1.000000
0.990301
0.995213
0.937315
0.996005
0.999338
0.999535
0.935936
0.663677
0.933576
0.990123
0.998438
0.999978
0.999929
0.999995
0.999459
0.805955
0.986493
0.999943
0.998927
0.999604
0.997733
1.000000
0.999883
0.976257
0.996459
0.999527
0.937185
0.995112
0.945316
0.999974
0.999736
0.999772
0.999995
0.999997
0.999646
0.598352
0.999179
0.999598
0.976566
0.923187
0.946774
0.996601
0.733720
0.998623
1.000000
0.999999
0.999998
0.999935
0.718216
0.977821
0.999887
0.977605
0.999146
0.996029
0.996135
0.999991
0.999954
0.999963
0.999723
0.990451
0.996515
0.999996
0.999846
0.890372
0.996546
0.997314
0.999998
0.999998
0.985297
0.999783
0.940327
0.956975
0.995323
0.982657
0.999855
0.999971
0.977953
1.000000
0.988006
0.503634
0.999948
0.994317
0.999995
0.997416
0.999823
0.999982
0.999994
0.997194
0.764052
0.978075
0.999969
0.999969
0.999990
0.981632
1.000000
0.624094
0.995041
0.997064
0.998437
0.993349
0.997297
0.999778
0.999856
0.998936
0.991724
0.999342
0.999485
0.999903
1.000000
0.999930
0.552583
0.936566
0.951989
0.515208
0.999806
0.999998
0.986232
0.850388
0.999214
0.999992
1.000000
0.996997
0.994875
0.999724
0.995156
0.988121
0.999918
0.999036
0.999421
0.500029
0.999789
0.999950
0.999580
0.993638
0.999795
0.999990
0.972698
0.999845
0.999975
0.999377
0.999840
0.989876
0.667640
0.997776
0.999999
0.655206
0.975545
0.999996
0.999792
0.999996
0.800082
0.992259
0.999536
0.997952
0.999988
0.905561
0.999692
0.999811
0.998736
0.999048
0.998755
0.999673
0.969774
0.999448
0.999969
0.999916
0.997960
0.999497
0.999716
1.000000
0.992578
0.994811
0.999978
0.996136
0.999995
0.999878
0.999952
0.984885
0.999819
0.999999
0.999973
0.994124
0.998589
0.996501
0.999999
0.998311
0.999656
1.000000
0.998061
0.896797
0.805977
0.837988
0.999673
0.999702
0.895373
0.999914
0.999978
0.999397
0.999713
0.964249
0.999936
0.999875
0.992881
1.000000
1.000000
0.999795
0.943631
0.999997
0.997457
0.999996
0.997005
0.999922
0.999018
0.999828
0.999650
0.998543
0.999878
0.980496
0.817396
0.996773
0.999999
0.997820
0.999870
1.000000
0.997299
0.417110
0.999357
0.936228
0.999711
0.999716
0.994882
0.998851
0.870095
