0.997084
0.954391
0.989536
0.940720
0.912648
0.999997
0.648490
0.641036
0.933109
0.971039
0.999674
0.585550
0.980777
0.600833
0.787615
0.761080
0.961611
0.807577
0.965245
0.472648
0.999832
0.999936
0.706457
0.903324
0.998795
0.788700
0.999973
0.941473
0.924033
0.612117
0.995123
0.999733
0.991430
0.436429
0.882270
0.745885
0.794239
0.996908
0.997948
0.871265
0.873924
0.969448
0.991744
0.936924
0.960473
0.999704
0.988495
0.579256
0.852987
0.999346
0.999975
0.856282
0.983987
0.999688
0.999660
0.953508
0.905018
0.653107
0.595190
0.999634
0.823344
0.999997
0.823461
0.423536
0.790136
0.975428
0.999959
0.643154
0.977811
0.983688
0.999638
0.998674
0.860261
0.562758
0.619678
0.538231
0.408581
0.999451
1.000000
0.550497
0.941436
0.901956
0.999933
0.984336
0.999383
0.998760
0.949787
0.998322
0.984971
0.996535
0.999777
0.764841
0.980060
0.950871
0.999343
0.926165
0.999510
0.543751
0.997172
0.986080
0.438674
0.999776
0.997674
0.942123
0.635086
0.999945
0.805520
0.702490
0.999934
0.993666
0.999744
0.731335
0.826970
0.999986
0.766037
0.540306
0.679566
0.957199
0.991804
0.787335
0.728026
0.698879
0.999227
0.921188
0.921376
0.587696
0.999742
0.921974
0.993203
0.987186
0.991048
0.995615
0.994938
0.901376
0.638214
0.928259
0.764411
0.998744
0.982503
0.858059
0.547913
0.844201
0.509656
0.962721
0.999710
0.870588
0.999195
0.999499
0.781544
0.722873
0.999504
0.490522
0.896313
0.998763
0.999898
0.998979
0.992851
0.970613
0.986871
0.999988
0.996183
0.807397
0.987888
0.999890
0.806790
0.646193
0.941830
0.999994
0.621807
0.950480
0.988149
0.758976
0.648855
0.894713
0.900255
0.998187
0.906119
0.583776
0.717386
0.998809
0.792591
0.959031
0.999767
0.907748
0.735629
0.999152
0.998797
0.970832
0.786534
0.694943
0.994361
0.999179
0.800669
0.979364
0.699512
0.791610
0.721183
0.997525
0.990373
0.455114
0.642581
0.918583
0.998277
0.940083
0.948862
0.997800
0.999875
0.741519
0.883732
0.677608
0.665184
0.980577
0.972847
0.979557
0.999997
0.995771
0.999509
0.966144
1.000000
0.684699
0.546110
0.795503
0.998418
0.986526
0.543439
0.716629
0.678092
0.713042
0.572420
0.999997
0.990457
0.935328
0.977960
0.999768
0.596705
0.888251
0.924800
0.752900
0.999353
0.996067
0.999969
0.589189
0.759598
0.459698
0.977551
0.747966
0.970762
0.521751
0.527116
0.999897
0.998410
0.994436
0.998359
0.999827
0.546563
0.998672
0.689957
0.679784
0.999556
0.999993
0.643103
1.000000
0.981623
0.976341
0.882836
0.919261
0.982639
0.933143
0.945828
0.924651
0.377513
0.938421
0.998609
0.795528
0.901165
0.991505
0.735600
0.997923
0.782850
0.999992
0.993888
0.738405
0.989473
0.752687
0.999929
0.998005
0.999817
0.971753
0.988634
0.934811
0.997236
0.999635
0.999441
0.659431
0.970402
0.998513
0.770025
0.998377
0.989657
0.847436
0.497829
0.996714
0.986630
0.999693
0.963475
0.999829
0.511213
0.989479
0.995491
0.691207
0.999997
0.999990
0.476903
0.565146
0.583814
0.398568
1.000000
0.644396
0.986663
0.623429
0.998822
0.969847
0.992895
0.965213
0.993904
0.995831
0.999534
0.997075
0.999983
0.786209
0.922053
0.611819
0.999826
0.841522
0.986371
0.981752
0.999394
0.840924
0.917343
0.802103
0.983112
0.935584
0.999994
0.507737
0.826122
0.945449
0.637327
0.844863
0.592120
0.999779
0.999535
0.998101
0.798675
0.999716
0.946604
0.997922
0.999857
1.000000
0.831210
0.999786
0.999344
0.779297
0.998631
0.995731
0.997802
0.945476
1.000000
0.499147
0.998914
0.765512
0.675339
0.928672
0.648528
0.861531
0.795720
0.996515
0.889663
0.751293
0.999609
0.766891
0.999295
0.978859
0.931323
0.953064
0.788407
0.976632
0.754436
0.891835
0.994177
0.998779
0.999968
0.999522
0.728744
0.999545
0.767651
0.822364
0.999663
0.630203
0.999105
0.466127
0.996002
0.998970
0.996695
0.999999
0.917276
0.999046
0.999266
0.909892
0.995460
0.672415
0.987128
0.949286
0.994765
0.801179
0.892771
0.957139
0.998274
0.999988
0.855357
0.932577
0.984340
0.978046
0.453566
0.997784
0.467930
0.976433
0.996787
0.686374
0.954906
0.936584
0.934455
0.968343
0.995779
0.997467
0.869617
0.829634
0.881910
0.758363
0.999502
0.992816
0.940842
0.915555
1.000000
0.847217
0.999279
0.999552
0.991054
0.922385
0.386969
0.931290
0.598333
0.999997
0.544586
0.467188
0.968233
0.912044
0.999922
0.942911
0.999992
0.997658
0.998706
0.760019
1.000000
0.995250
0.991994
0.995650
0.976086
0.907782
0.627577
0.929876
0.601668
0.993996
0.946668
0.999999
0.363120
0.873225
0.982130
0.488856
0.992988
0.998757
0.999979
0.999919
0.594443
0.998465
0.724417
0.996116
0.946356
1.000000
0.929653
0.985509
0.847835
0.949797
0.794840
0.668110
0.999269
0.958703
0.651387
0.477642
0.960067
0.999982
0.602382
0.826170
0.999973
0.991546
0.751634
0.938643
0.999956
0.494406
1.000000
0.987564
0.522131
0.998981
0.999698
0.985497
0.998247
0.977345
0.795529
0.579295
0.645658
0.994025
0.999975
0.464298
0.632353
0.789073
0.798018
0.999996
0.999712
0.999608
0.997775
0.623119
0.852829
0.998447
0.486673
0.999997
0.745306
0.855733
0.928937
0.996181
0.783033
0.813101
0.485279
0.999398
0.998595
0.755521
0.966583
0.999225
0.986139
0.737604
0.994803
0.914720
0.998609
0.865749
0.987048
0.978190
0.972780
0.996210
0.941902
0.998703
0.952561
0.662306
0.982409
0.992219
0.517438
1.000000
0.897766
0.612467
0.955943
0.483185
0.968742
0.994676
0.634238
0.861393
0.903298
0.992721
0.965153
0.799151
0.956353
1.000000
0.380026
1.000000
0.431427
0.999444
0.804482
0.995867
0.996064
0.999989
0.708524
0.974978
0.746390
0.999100
0.939736
0.999181
0.999998
0.970696
0.999252
0.774683
0.804854
0.998687
0.997365
0.971664
0.991856
0.998407
0.601598
0.991430
0.999583
0.744799
0.950261
0.993570
0.956063
0.999983
0.950592
0.999996
0.649496
0.999123
0.988795
0.999997
0.921481
0.965335
0.819738
0.811590
0.456115
0.726843
0.753803
0.959376
0.963623
0.996858
0.912534
0.937214
0.992586
0.975027
0.501867
0.975014
0.999946
0.954849
0.868386
0.997712
0.986567
0.938321
0.807771
0.594063
0.532507
0.984941
0.787704
0.420155
0.989758
0.544076
0.964297
0.976637
0.994452
0.930638
0.889780
0.531960
0.592733
0.936998
0.966570
0.934026
0.984433
0.945322
0.644036
0.891465
0.999890
0.974117
0.902766
0.627990
0.946776
0.943822
0.767998
0.851314
0.999920
0.844303
0.967050
0.998389
0.687236
0.999672
0.999959
0.861508
0.950466
0.870157
0.974946
0.998780
0.998378
0.912129
0.839005
0.952180
0.594236
0.999092
0.606664
0.887104
0.958721
0.902294
0.602268
0.779746
0.968878
0.925345
0.613494
0.990426
0.969501
0.997637
0.988141
0.999800
0.996691
0.999721
0.984149
0.999964
0.987557
0.987666
0.565917
0.926190
0.999853
0.975289
0.846857
0.759223
0.999192
0.784893
0.978487
0.485704
0.731623
0.999319
0.999933
0.984341
0.972992
0.559546
0.855604
0.999093
0.927582
0.995550
1.000000
0.997414
0.993188
0.536242
0.917947
0.580262
0.998192
0.664280
0.999042
0.996985
0.844883
0.916929
0.973620
0.499901
0.526803
0.998445
0.960861
0.824553
0.963424
0.999657
0.768248
0.999468
1.000000
0.470352
0.894811
0.981754
0.936771
0.598947
0.908771
0.995068
0.971973
0.944909
0.894292
0.997577
0.657991
0.480658
0.940301
0.720469
0.998318
0.899286
0.686083
0.996190
0.649671
0.985777
0.953763
0.917109
0.779173
0.834237
0.999141
0.999709
0.544671
0.975565
0.989336
0.964204
0.945608
0.918643
0.989045
0.991896
0.703058
0.840388
0.999590
0.953129
0.513073
0.695395
0.655127
0.814782
0.666627
0.880147
0.997380
0.725777
0.974123
0.848435
0.999948
0.996356
0.809451
0.930661
0.599591
0.977908
0.763591
0.937271
0.888233
0.741199
0.824009
0.576131
0.972974
0.585462
0.548753
0.697774
0.836175
0.671490
0.552019
0.956372
0.480772
0.719321
0.882335
0.544650
0.681971
0.999129
0.837102
0.424187
0.956617
0.793445
0.814810
0.875453
0.793364
0.940872
0.957381
0.758782
0.952835
0.677143
0.492766
0.763206
0.861540
0.954527
0.564029
0.478338
0.907454
0.982929
0.560706
0.561075
0.891613
0.685380
0.552301
0.524661
0.635375
0.880579
0.960013
0.664595
0.648147
0.923320
0.717971
0.924426
0.963170
0.947403
0.838558
0.467898
0.959179
0.640189
0.628298
0.944930
0.554449
0.738144
0.902865
0.583011
0.899079
0.767759
0.860670
0.630098
0.712102
0.861091
0.900244
0.888689
0.738724
0.974339
0.904229
0.837901
0.871425
0.919929
0.966327
0.974504
0.661229
0.542345
0.937921
0.622579
0.731178
0.872293
0.735077
0.735062
0.659168
0.345720
0.804960
0.505833
0.626217
0.840208
0.779922
0.708175
0.995461
0.437626
0.395045
0.982043
0.611980
0.820957
0.989133
0.682469
0.972980
0.831592
0.401828
0.765415
0.467038
0.973368
0.830007
0.618256
0.675431
0.514616
0.989946
0.899798
0.993964
0.773432
0.834262
0.631354
0.766634
0.682311
0.927301
0.915758
0.833802
0.384914
0.483989
0.658876
0.539583
0.813150
0.737555
0.913457
0.531147
0.970793
0.845467
0.713676
0.561597
0.532913
0.962364
0.831972
0.606148
0.633362
0.947339
0.873248
0.998791
0.538681
0.478035
0.675885
0.998530
0.945671
0.967983
0.948273
0.874381
0.979943
0.823364
0.658771
0.659304
0.739382
0.909454
0.831221
0.624819
0.902604
0.864608
0.967158
0.821927
0.437946
0.949984
0.984865
0.878379
0.988159
0.668633
0.775970
0.559610
0.740476
0.838261
0.752092
0.838381
0.655072
0.770387
0.907984
0.940581
0.934842
0.897698
0.972161
0.949819
0.814285
0.511795
0.864094
0.994982
0.510965
0.728473
0.901658
0.967825
0.559270
0.528681
0.730219
0.904682
0.524552
0.747372
0.984199
0.705432
0.651893
0.738594
0.650150
0.654823
0.780901
0.991284
0.705417
0.720516
0.883323
0.683866
0.776775
0.681720
0.476974
0.762261
0.653846
0.973833
0.737648
0.836424
0.966213
0.949786
0.808909
0.594376
0.594124
0.711218
0.530681
0.848840
0.948969
0.973706
0.890921
0.706468
0.950976
0.980042
0.968640
0.643213
0.867365
0.679756
0.955189
0.899379
0.656197
0.839326
0.863430
0.959337
0.952748
0.809393
0.796087
0.991188
0.805776
0.926790
0.872516
0.825538
0.789322
0.935603
0.829527
0.729086
