0.810845
0.494191
0.481370
0.571995
0.493184
0.988466
0.517964
0.664043
0.925066
0.864643
0.958187
0.742757
0.347180
0.376118
0.702794
0.502764
0.382215
0.580215
0.982543
0.502017
0.482265
0.728651
0.416598
0.687883
0.656694
0.979817
0.689052
0.797926
0.932504
0.502039
0.743255
0.660248
0.429030
0.642957
0.622798
0.971028
0.476516
0.770379
0.853170
0.557954
0.702228
0.485966
0.589604
0.511434
0.901757
0.759498
0.977730
0.927127
0.398103
0.518080
0.507031
0.998223
0.955594
0.712151
0.972567
0.420125
0.488959
0.998448
0.735267
0.686464
0.771558
0.542209
0.378280
0.283766
0.620865
0.455610
0.793120
0.860204
0.985086
0.603427
0.639514
0.731150
0.774254
0.460789
0.735675
0.763395
0.636618
0.780475
0.993730
0.965497
0.406275
0.861882
0.911655
0.882263
0.664128
0.543891
0.608312
0.497452
0.473725
0.509474
0.547985
0.900325
0.806168
0.648269
0.542971
0.761430
0.455422
0.854931
0.906096
0.324186
0.937374
0.465862
0.869525
0.464332
0.449598
0.967336
0.582283
0.931832
0.995108
0.348091
0.436721
0.838852
0.636099
0.876401
0.496664
0.694353
0.638981
0.961753
0.994553
0.786230
0.556736
0.600039
0.403374
0.612733
0.458921
0.645675
0.680375
0.704925
0.754287
0.729689
0.964495
0.749624
0.822997
0.561626
0.525274
0.959700
0.717722
0.615999
0.749602
0.990676
0.993041
0.885195
0.952952
0.344227
0.599175
0.754007
0.522800
0.693429
0.658104
0.639525
0.791656
0.819716
0.825761
0.779543
0.860895
0.693543
0.518011
0.797965
0.595474
0.502497
0.938277
0.996416
0.491611
0.435778
0.503682
0.592140
0.936424
0.950822
0.491611
0.348954
0.458227
0.659676
0.984925
0.930853
0.521958
0.619252
0.821971
0.998720
0.767101
0.700270
0.328099
0.496858
0.385471
0.399612
0.841441
0.843672
0.424860
0.770723
0.488690
0.807697
0.984471
0.836654
0.789340
0.578579
0.971936
0.811855
0.627595
0.566910
0.493304
0.322158
0.413084
0.706072
0.372160
0.474626
0.347157
0.570722
0.391799
0.556610
0.379756
0.724682
0.772235
0.262189
0.574523
0.371471
0.724349
0.957342
0.502281
0.461615
0.866782
0.772470
0.972397
0.736515
0.360036
0.565792
0.718980
0.655769
0.821635
0.862627
0.509526
0.730617
0.784211
0.984653
0.668222
0.732901
0.789085
0.706710
0.682440
0.741672
0.828142
0.931873
0.703790
0.748253
0.777034
0.879345
0.960545
0.459290
0.753653
0.497800
0.532957
0.943332
0.738800
0.930676
0.843397
0.991172
0.897255
0.536661
0.492300
0.355617
0.471272
0.996595
0.750729
0.820983
0.706956
0.971376
0.902168
0.973188
0.437633
0.463080
0.679886
0.897047
0.905389
0.486637
0.469098
0.682450
0.783974
0.943954
0.846967
0.969784
0.957339
0.396177
0.619319
0.736018
0.512481
0.948984
0.832566
0.996630
0.997933
0.994989
0.745009
0.968893
0.709089
0.488032
0.470387
0.828355
0.760607
0.897943
0.799735
0.458372
0.658199
0.823281
0.457614
0.450904
0.800916
0.947751
0.947128
0.795475
0.930805
0.744284
0.402766
0.978766
0.968491
0.581300
0.591673
0.835936
0.536876
0.634749
0.752566
0.909530
0.410902
0.788403
0.452590
0.388678
0.671125
0.984065
0.909974
0.671886
0.891768
0.655066
0.940505
0.749721
0.954944
0.437517
0.395220
0.510508
0.664333
0.556305
0.609608
0.738774
0.578806
0.582999
0.657378
0.445663
0.993955
0.745109
0.450570
0.981182
0.581161
0.412794
0.642310
0.447347
0.882286
0.946675
0.563923
0.459053
0.942743
0.603867
0.452264
0.645993
0.614024
0.562750
0.538032
0.540007
0.543258
0.746633
0.663903
0.843657
0.856442
0.290381
0.548720
0.505755
0.908625
0.988815
0.974410
0.952772
0.619623
0.436933
0.600648
0.656618
0.547033
0.947179
0.328392
0.625374
0.555056
0.548626
0.719343
0.784378
0.978670
0.715246
0.999788
0.925342
0.813410
