0.525821
0.519899
0.393901
0.579327
0.989431
0.953498
0.701189
0.541950
0.876211
0.460017
1.000000
0.734692
0.791772
0.749672
0.663121
0.693053
0.304649
0.895670
0.638767
0.718239
0.576484
0.909972
0.562902
0.683863
1.000000
0.706996
0.885386
0.999991
0.567363
0.658652
0.726441
0.875880
0.716385
0.840624
0.631493
1.000000
0.610467
0.831408
0.563733
0.935424
0.611868
0.454504
1.000000
0.599825
0.460553
0.391898
0.742884
1.000000
0.580951
0.777942
0.450083
0.563749
1.000000
0.508145
1.000000
0.477462
0.481668
0.576042
0.677701
1.000000
0.600841
0.793103
0.873348
0.986184
0.607500
1.000000
0.435772
0.806338
0.640451
0.948216
0.378908
0.638575
1.000000
0.497022
0.374726
0.990469
0.648183
0.506693
0.888835
0.998015
0.567999
0.506188
0.500845
0.805998
0.662539
0.834873
0.835525
0.680084
0.863547
0.514385
0.857204
0.669903
0.948312
0.507106
0.779232
0.571866
0.611112
0.940018
0.905924
0.834337
0.999630
0.603641
0.589686
0.836197
0.345798
0.805566
0.603662
0.525956
0.487554
1.000000
0.266714
0.698286
0.723212
0.900812
0.806377
0.386123
0.539139
0.489240
0.737511
0.587285
0.985162
0.570502
0.790724
0.436168
0.639077
0.677231
0.694096
0.642847
0.792637
0.504439
0.630158
0.604023
0.767935
0.642415
0.650295
0.707234
0.606701
0.728625
0.816743
0.598173
0.544050
0.876716
0.891049
0.617046
0.962765
0.995092
0.591116
0.637290
0.433007
0.443724
0.686096
0.691617
0.708677
0.542430
0.432349
0.670443
0.715629
0.681834
0.865762
0.817900
0.601214
0.544286
0.856227
0.960287
0.367883
0.657153
0.596309
0.983723
0.832339
0.830255
0.904770
0.708557
0.403582
0.424689
0.722443
0.582049
0.679853
0.463646
0.823699
0.640832
0.493982
0.825848
0.617082
0.546842
0.535649
0.619024
1.000000
0.731319
0.899208
0.751907
0.484669
0.577061
0.835449
0.399887
0.856485
0.751012
0.672107
0.539786
0.804327
0.934262
1.000000
0.980215
0.627278
0.976039
0.986547
0.531501
0.983373
0.574292
0.892574
0.758053
0.637396
1.000000
0.642617
0.556679
0.794096
0.468954
0.961207
0.665662
0.495509
0.796040
0.574850
0.924295
0.577509
0.450292
0.804764
0.546048
0.620632
0.928602
0.440419
0.590656
0.656567
0.508019
0.945759
0.340076
0.565476
0.936417
0.832154
0.748124
0.814564
0.978147
0.827721
0.970096
0.720537
0.491014
0.765730
0.492763
0.461225
0.437469
0.677078
1.000000
0.490358
0.546224
0.999843
0.702491
0.363922
0.533902
0.729714
0.578716
1.000000
0.507556
0.520631
0.811144
0.909486
0.563094
0.930936
0.729420
0.524597
0.576525
0.616059
1.000000
0.685174
0.458833
0.428058
1.000000
0.781496
0.804299
0.789992
0.785617
0.808451
0.535684
0.957439
0.590306
0.356093
0.506851
0.893628
0.706819
0.550586
0.592886
0.538702
0.513928
0.684413
0.599694
0.782159
0.857063
0.538259
0.704795
0.974980
0.747283
0.720022
0.427671
0.836106
0.894651
0.879965
0.938125
0.621762
0.788883
0.526689
0.472209
0.453009
0.615423
0.963003
0.505884
0.691043
0.609701
0.999557
0.350688
0.507382
0.506831
0.919812
0.918085
0.502756
0.905209
0.552873
0.978326
0.588334
0.558141
0.627681
0.713755
0.999980
0.354301
0.621916
0.798223
0.998676
0.532238
0.819606
0.748794
0.861218
0.617257
0.515375
0.653720
0.844426
0.997873
0.485709
0.557969
0.882461
0.693363
0.542921
0.644337
0.593775
0.528966
0.501652
0.629587
0.699745
0.426794
0.646640
0.569640
0.923084
0.754375
0.725021
0.910649
0.641977
0.739096
0.925580
0.703737
0.434375
0.709893
0.398911
0.463545
0.556146
0.509733
0.725451
0.732956
0.708298
0.846796
0.994175
0.788977
0.972512
0.493213
0.992452
0.899492
0.516535
0.462908
0.975178
0.646330
0.788637
0.892076
0.558728
0.516485
0.568007
0.561676
0.592819
0.477886
0.980927
0.997167
0.376614
0.797489
0.750493
0.516922
0.977571
0.562439
0.848356
0.887323
0.615047
0.992454
0.687050
0.614878
0.934754
0.640236
0.887878
0.721674
0.648826
0.535753
0.466684
0.991636
0.642948
0.505109
0.567848
0.492281
0.999995
0.411269
0.825348
0.879322
0.654448
0.655571
0.572116
0.825958
0.298657
0.706417
0.619327
0.763677
0.721141
0.916740
0.576367
0.479091
0.428390
0.497559
0.767786
0.457651
0.571524
0.368507
0.579746
0.522735
1.000000
0.829108
0.515030
0.888185
0.605570
0.925968
0.912336
0.834430
0.869924
