0.975583
0.990536
0.481778
0.854801
0.964881
0.859381
0.594482
0.989358
0.963923
0.983852
0.470072
0.674308
0.677496
0.980644
0.986001
0.964855
0.476368
0.680067
0.824690
0.978059
0.895450
0.986951
0.777611
0.837257
0.980007
0.982329
0.841939
0.976834
0.983923
0.896976
0.983382
0.918638
0.978387
0.978718
0.631695
0.761281
0.966572
0.617719
0.801486
0.978671
0.982978
0.709021
0.716763
0.979560
0.980983
0.963865
0.423605
0.342584
0.952992
0.982671
0.538684
0.974651
0.709711
0.966714
0.975361
0.983045
0.682324
0.998607
0.984034
0.980997
0.870270
0.914629
0.971135
0.712914
0.987752
0.980652
0.978959
0.974568
0.915503
0.563228
0.982985
0.929573
0.853826
0.968277
0.980783
0.745929
0.984804
0.991885
0.976097
0.983706
0.999547
0.595048
0.837463
0.981652
0.475182
0.982601
0.921601
0.981872
0.976836
0.984195
0.981023
0.851946
0.982379
0.981708
0.819396
0.975552
0.980078
0.720957
0.983189
0.973028
0.985165
0.952420
0.976378
0.922797
0.983029
0.980309
0.984871
0.550451
0.983678
0.880330
0.810069
0.981803
0.980678
0.980414
0.873389
0.876956
0.980430
0.477354
0.977409
0.956169
0.950398
0.670110
0.975896
0.982126
0.766534
0.544429
0.538701
0.855480
0.971715
0.886346
0.918865
0.862924
0.977391
0.925998
0.988755
0.985710
0.987561
0.796924
0.976583
0.975053
0.977188
0.972615
0.926142
0.926964
0.652072
0.979118
0.977189
0.855056
0.902733
0.984454
0.980866
0.874353
0.544015
0.982934
0.834943
0.979625
0.987535
0.940445
0.636392
0.981470
0.920578
0.241356
0.978301
0.865754
0.981209
0.981471
0.977583
0.978824
0.982206
0.970995
0.987077
0.950896
0.624850
0.987710
0.722234
0.856957
0.943654
0.983929
0.933587
0.975968
0.981354
0.983830
0.443126
0.970743
0.980613
0.974070
0.869334
0.423723
0.982339
0.735000
0.977470
0.983217
0.939601
0.961211
0.979540
0.985192
0.959822
0.963365
0.794201
0.985316
0.984830
0.780066
0.978818
0.872344
0.738994
0.954565
0.815677
0.975082
0.978417
0.979649
0.566086
0.898533
0.412456
0.898834
0.971501
0.982060
0.974695
0.971318
0.982387
0.975871
0.790355
0.718842
0.978468
0.918259
0.404137
0.889330
0.837011
0.984849
0.975614
0.976264
0.986857
0.977744
0.968559
0.979747
0.985323
0.582650
0.776720
0.939607
0.985480
0.976985
0.460349
0.246412
0.842577
0.726474
0.947456
0.984127
0.981290
0.951768
0.980709
0.969717
0.446874
0.808532
0.979939
0.955629
0.981556
0.983836
0.982439
0.827941
0.854512
0.966277
0.742827
0.957430
0.983999
0.980065
0.978690
0.984993
0.981179
0.983830
0.983221
0.562895
0.983684
0.986760
0.861653
0.988393
0.918467
0.961230
0.857762
0.979903
0.973741
0.648207
0.890988
0.977117
0.982016
0.909364
0.967963
0.947607
0.609567
0.976255
0.963181
0.919674
0.981450
0.982640
0.972469
0.979108
0.885652
0.977983
0.979118
0.977854
0.968154
0.986992
0.803406
0.978039
0.948379
0.990634
0.945587
0.980249
0.763292
0.971463
0.979255
0.734095
0.846035
0.855661
0.952532
0.886554
0.981554
0.964890
0.982436
0.975666
0.777725
0.982647
0.897716
0.984801
0.526819
0.976664
0.555396
0.884743
0.980717
0.980921
0.585205
0.683645
0.797627
0.983841
0.851485
0.981068
0.610379
0.977625
0.704004
0.984541
0.977181
0.987790
0.980474
0.983436
0.978675
0.982666
0.827449
0.972655
0.863315
0.762984
0.990795
0.850714
0.953713
0.989508
0.985919
0.981852
0.757452
0.729778
0.649129
0.642234
0.974005
0.983960
0.488169
0.978844
0.973505
0.997090
0.843734
0.889404
0.914924
0.979071
0.980676
0.979602
0.675225
0.987275
0.796704
0.978861
0.985824
0.981315
0.828435
0.982751
0.991368
0.980410
0.700194
0.970194
0.984648
0.934206
0.976273
0.815968
0.981714
0.947426
0.528149
0.844924
0.523410
0.667173
0.979210
0.957790
0.459653
0.982752
0.992115
0.981290
0.977523
0.980977
0.965276
0.850699
0.970518
0.954433
0.962098
0.980250
0.983740
0.887205
0.984175
0.978955
0.994279
0.951322
0.589912
0.885355
0.983110
0.626388
0.982949
0.469597
0.983316
0.838886
0.977230
0.982484
0.985711
0.658110
0.981279
0.985686
0.978142
0.972332
0.965654
0.821372
0.978277
0.856569
0.979420
0.621578
0.959845
0.982218
0.980612
0.812187
0.958230
0.971296
0.972557
0.472726
0.984681
0.786763
0.969897
0.980038
0.862050
0.980899
0.981685
0.948452
0.502909
0.878908
0.754021
0.641765
0.971719
0.509954
0.713894
0.977283
0.957790
0.988276
0.987561
0.991753
0.947701
0.711881
0.980733
0.715404
0.981991
0.984678
0.981100
0.984114
0.923249
0.748017
0.921579
0.983135
0.236250
0.731316
0.982959
0.988646
0.973655
0.983962
0.861519
0.979352
0.985399
0.928266
0.981813
0.981616
0.950933
0.980743
0.979937
0.978546
0.956776
0.756765
0.831261
0.968406
0.958086
0.987306
0.974553
0.982823
0.828763
0.979837
0.979315
0.986729
0.982656
0.895700
0.978160
0.946465
0.983645
0.981725
0.983513
0.973884
0.972221
0.649889
0.915206
0.801834
0.867611
0.985928
0.983206
0.679284
0.783541
0.985849
0.817285
0.957290
0.848135
0.982073
0.555161
0.885185
0.906155
0.979617
0.785603
0.985764
0.966740
0.986048
0.982982
0.720471
0.572785
0.986777
0.984528
0.461612
0.980338
0.984931
0.941982
0.867712
0.768375
0.373217
0.966268
0.982081
0.849328
0.982752
0.985776
0.686388
0.250900
0.987358
0.804636
0.875178
0.762535
0.980082
0.979680
0.719051
0.955484
0.974407
0.945858
0.972009
0.604986
0.935325
0.981628
0.975920
0.933814
0.901463
0.986368
0.987643
0.621774
0.992585
0.920034
0.982037
0.565875
0.976058
0.995483
0.470336
0.980683
0.982099
0.976041
0.979109
0.968013
0.936885
0.981520
0.941306
0.978739
0.887745
0.891817
0.964129
0.981476
0.979480
0.990551
0.822343
0.541455
0.831179
0.959217
0.974748
0.612458
0.979428
0.764698
0.984663
0.979457
0.451047
0.983269
0.747327
0.987122
0.754837
0.986835
0.974630
0.982543
0.980434
0.967150
0.980798
0.982729
0.970338
0.980713
0.981121
0.980467
0.980311
0.592236
0.385449
0.981843
0.982333
0.985000
0.982210
0.621716
0.986038
0.979175
0.983348
0.914945
0.575608
0.776484
0.990537
0.380193
0.918772
0.332292
0.978612
0.984480
0.916775
0.983237
0.971691
0.983638
0.832493
0.978855
0.587560
0.786325
0.801616
0.989384
0.747790
0.786085
0.497690
0.753090
0.985673
0.970331
0.899777
0.986243
0.868243
0.959263
0.985498
0.964370
0.984242
0.946819
0.946544
0.999262
0.980586
0.979824
0.975937
0.666108
0.781767
0.911378
0.842424
0.987798
0.979903
0.647193
0.980593
0.986376
0.914987
0.960158
0.980371
0.959388
0.461416
0.982898
0.782310
0.980827
0.974350
0.728427
0.898678
0.254951
0.983140
0.518198
0.973741
0.926229
0.932463
0.951195
0.842353
0.961135
0.811568
0.771726
0.986645
0.693571
0.943904
0.984539
0.682811
0.982868
0.981881
0.918152
0.931224
0.891914
0.982050
0.979420
0.673799
0.970271
0.945570
0.870782
0.983476
0.980667
0.855004
0.953634
0.677722
0.966486
0.960753
0.974593
0.941488
0.982033
0.831520
0.983267
0.974256
0.983333
0.967953
0.979773
0.984091
0.986536
0.983753
0.898548
0.981359
0.989586
0.573566
0.829208
0.978311
0.980572
0.554326
0.496491
0.986266
0.974688
0.885937
0.871753
0.983068
0.925032
0.471309
0.983041
0.723665
0.950293
0.981246
0.985578
0.978188
0.973230
0.989624
0.985055
0.986677
0.979359
0.981817
0.984163
0.983388
0.981764
0.822252
0.940421
0.803003
0.979310
0.895013
0.981013
0.980828
0.713689
0.880081
0.938683
0.941145
0.983132
0.988243
0.656991
0.981425
0.983522
0.981819
0.968582
0.983783
0.986689
0.928865
0.945908
0.977839
0.980777
0.891692
0.805347
0.980307
0.968076
0.943977
0.929748
0.981686
0.864162
0.834900
0.563448
0.925927
0.982078
0.628002
0.890079
0.983166
0.702167
0.983693
0.886094
0.970642
0.284895
0.955847
0.998209
0.387860
0.897329
0.981818
0.978648
0.982838
0.453951
0.914705
0.976913
0.934556
0.976508
0.651812
0.973631
0.945199
0.987664
0.891949
0.449954
0.936122
0.988583
0.595562
0.757771
0.771777
0.646078
0.911596
0.395850
0.982229
0.972443
0.944019
0.970427
0.869023
0.979766
0.344433
0.726019
0.952393
0.919781
0.804821
0.867263
0.808134
0.621820
0.967014
0.658016
0.868246
0.435322
0.396678
0.954099
0.937223
0.963115
0.997950
0.253386
0.970361
0.610060
0.970174
0.469212
0.921804
0.767634
0.445849
0.962652
0.371520
0.893275
0.842104
0.425088
0.962120
0.347211
0.906419
0.803140
0.946037
0.978856
0.942303
0.982946
0.738284
0.991232
0.744483
0.795386
0.957277
0.954985
0.947943
0.424129
0.403362
0.823664
0.938881
0.984586
0.943735
0.904775
0.490514
0.552845
0.955061
0.725249
0.853480
0.810285
0.968349
0.408143
0.796048
0.971840
0.966693
0.979173
0.710862
0.858885
0.722682
0.945100
0.522493
0.889805
0.631361
0.945895
0.645431
0.980398
0.421810
0.676935
0.830411
0.931876
0.834238
0.933347
0.966247
0.941544
0.983122
0.806170
0.907621
0.637543
0.970805
0.878180
0.828628
0.696842
0.822021
0.854673
0.956288
0.891816
0.891285
0.952066
0.512489
0.995493
0.425190
0.703531
0.499955
0.691944
0.908343
0.497752
0.909070
0.769425
0.576835
0.867600
0.913564
0.886593
0.433273
0.942591
0.706927
0.432585
0.957158
0.786159
0.512737
0.709977
0.554592
0.998911
0.823267
0.543948
0.642772
0.800018
0.256174
0.944418
0.959649
0.542306
0.821339
0.857153
0.978025
0.948354
0.959923
0.593230
0.749620
0.907890
0.924710
0.964837
0.949446
0.487838
0.877892
0.953981
0.958223
0.941945
0.781468
0.841931
0.975365
0.708384
0.955338
0.963064
0.973380
0.678455
0.431948
0.909648
0.792884
0.784962
0.937390
0.676532
0.738918
0.405120
0.880288
0.909994
0.903045
0.997557
0.878306
0.843727
0.633761
0.917919
0.839444
0.802975
0.751464
0.992361
0.851694
0.898602
0.701530
0.832825
0.807803
0.899924
0.283477
0.854365
0.580644
0.806868
0.844349
0.404025
0.630682
0.953081
0.595167
0.492245
0.970368
0.465780
0.419783
0.622210
0.980812
0.523178
0.269945
0.635767
0.497544
0.792969
0.846450
0.503324
0.734692
0.520580
0.976478
0.612115
0.429115
0.940790
0.952260
0.985863
0.342715
0.962914
0.934625
0.839703
0.549842
0.690908
0.891075
0.716983
0.937920
0.917964
0.495719
0.863449
0.925021
0.918946
0.893773
0.931073
0.882172
0.907958
0.675053
0.973832
0.924249
0.691164
0.943596
0.561123
0.932116
0.674704
0.541282
0.509908
0.781960
0.816374
0.881634
0.951474
0.796651
0.729746
0.828494
0.366829
0.979297
0.878413
0.803846
0.633102
0.782925
0.463754
0.916337
0.956439
0.455348
0.750433
0.516682
0.672090
0.996946
0.899207
0.509879
0.601659
0.939054
0.852309
0.347586
0.640502
0.413432
0.849356
0.779231
0.941178
0.891061
0.880080
0.946288
0.848429
0.891373
0.674681
0.985893
0.927591
0.869089
0.736577
0.653108
0.909900
0.456059
0.702604
0.941412
0.992575
0.815961
0.598369
