0.485981
0.453404
0.516154
0.628507
0.714700
0.625846
0.467372
0.415224
0.648457
0.454220
0.523513
0.305393
0.437201
0.466167
0.502076
0.517332
0.492147
0.524720
0.507102
0.568644
0.458441
0.631673
0.487745
0.369833
0.655536
0.627845
0.646204
0.615842
0.746226
0.755655
0.322539
0.563197
0.457709
0.717393
0.596956
0.558584
0.531579
0.586430
0.473317
0.389302
0.538496
0.449398
0.708019
0.716258
0.515469
0.642147
0.792535
0.559368
0.401552
0.403379
0.612712
0.583453
0.545821
0.369094
0.551521
0.474826
0.695242
0.683612
0.509864
0.595841
0.582121
0.344387
0.385638
0.828478
0.502548
0.637913
0.552895
0.626639
0.618554
0.628637
0.454772
0.624148
0.578755
0.511425
0.495345
0.465459
0.495698
0.562682
0.408780
0.460629
0.648475
0.563823
0.454479
0.542678
0.496716
0.425835
0.596437
0.680874
0.873931
0.545323
0.518206
0.537825
0.299039
0.608236
0.486274
0.418278
0.687779
0.568766
0.701762
0.570229
0.444250
0.494188
0.538590
0.482485
0.639680
0.594120
0.423573
0.395172
0.366933
0.416497
0.451154
0.394697
0.681971
0.750681
0.545683
0.484793
0.545976
0.830329
0.544322
0.541980
0.659229
0.583474
0.627783
0.635190
0.506309
0.516463
0.375941
0.373954
0.697248
0.497604
0.600902
0.530085
0.745578
0.492896
0.739325
0.620319
0.523391
0.479925
0.534777
0.813316
0.563610
0.554704
0.329285
0.441610
0.512033
0.503608
0.493241
0.658725
0.482397
0.430033
0.534085
0.633422
0.436282
0.417126
0.583784
0.269279
0.540645
0.572154
0.377457
0.493845
0.541730
0.577820
0.749248
0.760064
0.702630
0.782497
0.518149
0.489635
0.553420
0.400631
0.643655
0.518002
0.326461
0.458950
0.444567
0.685329
0.544209
0.492435
0.619986
0.711863
0.384530
0.424682
0.876572
0.593186
0.575285
0.696068
0.546002
0.727959
0.649881
0.466269
0.652518
0.478954
0.227607
0.745843
0.488977
0.527559
0.538464
0.802557
0.539294
0.552983
0.647396
0.487748
0.419035
0.509437
0.531283
0.583470
0.500430
0.572209
0.463058
0.422976
0.735780
0.354318
0.271649
0.492044
0.552986
0.422349
0.496553
0.681523
0.370184
0.360915
0.495817
0.539992
0.485147
0.705196
0.478488
0.603446
0.523276
0.517372
0.525953
0.539145
0.558462
0.461984
0.646762
0.414928
0.497581
0.571540
0.479946
0.600640
0.466252
0.483528
0.403161
0.549022
0.459795
0.434103
0.579014
0.738570
0.548336
0.498030
0.701462
0.581849
0.533453
0.425354
0.464825
0.818956
0.723052
0.679819
0.547669
0.578857
0.608429
0.843175
0.489621
0.503989
0.696042
0.447419
0.488997
0.461279
0.499598
0.326956
0.645748
0.474256
0.814535
0.728013
0.550929
0.737391
0.348791
0.860923
0.640262
0.509054
0.605996
0.741234
0.513913
0.525856
0.513038
0.521610
0.541810
0.498421
0.517653
0.598035
0.808669
0.558765
0.506885
0.498616
0.461413
0.780262
0.611807
0.442740
0.583434
0.578152
0.474939
0.661442
0.557076
0.524614
0.662443
0.500666
0.617575
0.514640
0.874270
0.573531
0.736412
0.567638
0.582995
0.381687
0.543794
0.737498
0.616105
0.802100
0.658237
0.459831
0.610711
0.493632
0.511545
0.550274
0.701854
0.503020
0.445461
0.483593
0.537488
0.726727
0.644588
0.599309
0.499531
0.289539
0.577955
0.585645
0.617016
0.464160
0.711548
0.930985
0.527920
0.669754
0.411309
0.561816
0.488684
0.506348
0.537173
0.496286
0.502908
0.582049
0.502579
0.787476
0.599954
0.609415
0.591215
0.494380
0.630691
0.494878
0.360053
0.414988
0.537744
0.484736
0.471389
0.527203
0.512590
0.585510
0.428002
0.382986
0.594859
0.581597
0.521034
0.507942
0.497405
0.529898
0.519859
0.488526
0.475779
0.517123
0.532787
0.713816
0.496828
0.571199
0.540275
0.835707
0.555025
0.673868
0.535492
0.561402
0.422250
0.495074
0.707577
0.493238
0.520284
0.475850
0.538421
0.588126
0.676851
0.378329
0.497417
0.707017
0.399189
0.503155
0.594171
0.523840
0.598479
0.626626
0.720671
