0.887565
0.526484
0.933749
0.987582
0.505982
0.907568
0.994802
0.992123
0.999993
0.999730
0.991979
0.587196
0.923220
0.998548
0.992967
0.947356
0.689025
0.876674
0.776805
0.997391
0.846516
0.729298
0.983832
0.999837
0.986365
0.791642
0.977165
0.853393
0.995272
0.992762
0.577909
0.953298
0.691059
0.902842
0.776696
0.946795
0.965602
0.983406
0.594103
0.718723
0.997535
0.999240
0.990270
0.675534
0.997387
0.549503
0.978764
0.671639
0.999799
0.930878
0.948705
0.567106
0.834853
0.999918
0.650216
0.999553
0.510738
0.788804
0.639838
0.995654
0.403504
0.998839
0.700583
0.996399
0.997898
0.917415
0.999672
0.927161
0.999971
0.707212
0.896234
0.971432
0.781005
0.988163
0.999927
0.808397
0.998951
0.998480
0.931633
0.999525
0.809331
0.813886
0.544996
0.594484
0.788023
0.587222
0.585408
0.992766
0.938904
0.789682
0.737802
0.706237
0.884238
0.937868
0.947876
0.999997
0.999804
0.982564
0.757622
0.988490
0.999680
0.932493
0.785972
0.655134
0.666481
0.899641
0.937603
0.974833
0.808344
0.826068
0.791803
1.000000
0.791069
0.999808
0.984513
0.843100
0.996059
0.992555
0.972410
0.577697
0.677398
0.696965
0.737956
0.763713
0.999420
0.568185
0.999987
0.660567
0.886949
0.999550
0.990486
0.994706
0.279030
0.999998
0.869643
0.317166
0.748127
0.641500
0.888831
0.999967
0.506156
0.557022
0.585775
0.996437
0.935217
0.999979
0.995824
0.783814
0.490079
0.999792
0.558201
0.863959
0.791319
0.945704
0.999998
0.835264
0.999767
0.996540
0.936667
0.962726
0.762804
0.889257
0.978788
0.617947
0.490086
0.982912
0.828646
0.750842
0.996726
0.999145
0.995195
0.999935
0.982953
0.495322
0.893672
0.574663
0.914124
0.999253
1.000000
0.834896
0.932654
0.846451
0.999587
0.959635
0.994955
0.506277
0.967485
0.999382
0.923093
0.989710
0.998700
0.999845
0.418073
0.998886
0.638504
0.725364
0.912778
0.983081
0.999950
0.999873
0.961844
0.961078
0.996723
0.881246
0.583129
0.944623
0.628848
0.999921
0.705625
0.994285
0.983230
0.999907
0.768189
0.662781
0.887137
0.962563
0.955086
0.985462
0.997352
0.999818
0.725263
0.997494
0.979543
0.975733
0.949293
0.986458
0.999842
0.597829
0.999736
0.659699
0.959492
0.978359
0.996148
0.532010
0.977211
0.824254
0.613366
0.986278
0.958105
0.999993
0.685787
0.990591
0.955141
0.913521
0.999982
0.997580
0.543906
0.996222
0.398904
0.979618
0.999194
0.949609
0.957782
0.983695
0.450506
0.999974
0.931243
0.999684
0.955377
0.997495
0.474335
0.823640
0.560805
0.999994
0.997694
0.999885
0.993291
0.951816
0.999903
0.919664
0.970645
0.539427
0.958968
0.977797
0.999503
0.987497
0.999998
0.989625
0.813340
0.998406
0.999996
0.999637
0.999985
0.998972
0.968030
0.998254
0.999782
0.956831
0.982254
0.989494
0.993471
0.999284
0.981986
0.999613
0.817149
0.999639
0.989065
0.978614
0.999544
0.515316
0.997107
0.790219
0.999940
0.907626
0.995045
0.670851
0.995708
0.713460
0.998755
0.998085
0.999693
0.973541
0.706778
0.998536
0.996959
0.857581
0.998047
0.999999
0.999911
0.999999
0.999791
0.990954
0.707542
0.650823
0.711318
0.854635
0.986941
0.951022
0.412173
0.999291
0.999882
0.635218
0.517583
0.999734
0.694982
0.646704
0.997562
0.998740
0.953980
0.910887
0.999337
0.998414
0.976353
0.602112
0.737511
0.999551
0.996494
0.508847
0.552422
0.986863
0.973967
0.781826
0.977581
0.991402
0.821009
0.919405
0.999673
0.666496
0.925559
0.995654
0.811876
0.985504
0.999641
0.999832
0.956708
0.970072
0.390003
0.629278
0.333583
0.949653
0.995504
0.993607
0.999806
0.712312
0.993390
0.395533
0.514162
0.991244
0.986701
0.995047
0.628175
0.999914
0.840344
0.999414
0.626243
0.999942
0.762091
0.999470
0.970959
0.757080
