0.475420
0.483052
0.389910
0.499678
0.617878
0.224722
0.553511
0.468273
0.697505
0.852753
0.811026
0.893597
0.905097
0.529309
0.807910
0.759232
0.677491
0.488527
0.673010
0.425605
0.648221
0.543299
0.636734
0.480389
0.713244
0.618888
0.800703
0.801902
0.486975
0.980988
0.639789
0.454302
0.801471
0.631453
0.450613
0.684967
0.573256
0.483912
0.758557
0.561300
0.893526
0.577243
0.263126
0.427249
0.699538
0.655984
0.432951
0.406580
0.386837
0.469520
0.867684
0.776150
0.817979
0.974847
0.707321
0.516214
0.643970
0.596941
0.631167
0.503909
0.728412
0.374282
0.477291
0.864645
0.688686
0.697751
0.462680
0.571106
0.890425
0.770451
0.818017
0.464110
0.607800
0.501259
0.620192
0.636252
0.512073
0.602008
0.601374
0.573771
0.479181
0.863650
0.560717
0.541536
0.781600
0.520842
0.796887
0.509433
0.586229
0.592459
0.731402
0.904511
0.691360
0.599340
0.487212
0.428082
0.901999
0.423842
0.334200
0.776694
0.626209
0.984889
0.456911
0.532103
0.676735
0.819768
0.742769
0.676540
0.449523
0.900652
0.746379
0.980210
0.456095
0.456291
0.460119
0.652049
0.530234
0.626523
0.783494
0.436412
0.512749
0.420753
0.483052
0.713535
0.873718
0.796877
0.569913
0.647346
0.764064
0.575615
0.642512
0.782264
0.532557
0.939118
0.357714
0.554227
0.502167
0.601430
0.300688
0.981579
0.595156
0.927134
0.448541
0.699685
0.699583
0.752770
0.392800
0.523971
0.670879
0.392305
0.461297
0.792841
0.570903
0.647838
0.576594
0.546402
0.622536
0.740865
0.963399
0.990181
0.344411
0.893379
0.992351
0.799242
0.513248
0.547702
0.816328
0.493165
0.590625
0.473814
0.469747
0.743230
0.485513
0.343640
0.367786
0.486245
0.563442
0.467249
0.400056
0.785795
0.360090
0.717839
0.763609
0.505755
0.448913
0.466395
0.539290
0.443990
0.400215
0.773309
0.562832
0.361140
0.774963
0.630924
0.423231
0.728144
0.608284
0.850247
0.953367
0.354866
0.434609
0.499059
0.398254
0.857131
0.542305
0.691382
0.546119
0.605394
0.674912
0.439000
0.691011
0.759823
0.666237
0.494234
0.817912
0.632916
0.721035
0.876477
0.972412
0.886702
0.351140
0.604947
0.431885
0.860641
0.725762
0.749553
0.598129
0.757950
0.480386
0.660725
0.696299
0.890517
0.623837
0.585849
0.637022
0.421388
0.859838
0.828724
0.656681
0.402646
0.352599
0.561818
0.606234
0.876311
0.726382
0.662343
0.821987
0.847535
0.886295
0.681880
0.609776
0.306461
0.811241
0.834033
0.410433
0.611883
0.787825
0.561537
0.852360
0.579068
0.451393
0.633788
0.595574
0.703147
0.419507
0.740093
0.525744
0.398597
0.835647
0.447884
0.734896
0.704939
0.507262
0.930474
0.823784
0.725965
0.760663
0.345491
0.546154
0.598629
0.665944
0.370092
0.750597
0.507402
0.801553
0.815004
0.361355
0.893338
0.699360
0.782046
0.481970
0.360549
0.584619
0.717442
0.475060
0.751042
0.358152
0.557685
0.887678
0.860674
0.636918
0.504108
0.813016
0.511566
0.479944
0.659227
0.444017
0.837298
0.759967
0.739304
0.809090
0.528256
0.703019
0.670338
0.976277
0.669042
0.509496
0.987736
0.791643
0.304998
0.741525
0.640785
0.305156
0.748225
0.715050
0.883831
0.725519
0.529054
0.503671
0.539131
0.928227
0.430349
0.385243
0.569264
0.702501
0.709586
0.412681
0.677406
0.741500
0.758017
0.695159
0.637871
0.756878
0.556008
0.911229
0.637314
0.671047
0.462280
0.512417
0.743899
0.529527
0.509758
0.553961
0.516772
0.443263
0.606485
0.508239
0.496590
0.494177
0.596818
0.613451
0.806375
0.724499
0.548730
0.535424
0.601023
0.810026
0.656855
0.661466
0.792857
0.541413
0.636412
0.397489
0.494750
0.815303
0.366889
0.957970
0.600797
0.338396
0.558510
0.712755
0.652456
0.509795
0.586139
0.762163
0.396692
