0.566532
0.916799
0.984262
0.980933
0.911260
0.631323
0.885349
0.998834
0.737773
0.991782
0.960886
0.998808
0.926777
0.999779
0.864084
0.878935
0.786824
0.536432
0.571822
0.658202
0.679415
0.503509
0.995564
0.952552
0.867774
0.689422
0.996300
0.765382
0.985849
0.707072
0.974432
0.931911
0.992823
0.998529
0.901710
0.996537
0.709798
0.781800
0.993072
0.657299
0.647942
0.795650
0.999725
0.981960
0.922906
0.549585
0.994201
0.976679
0.772078
0.908818
0.999952
0.808384
0.785962
0.999730
0.999329
0.999071
0.624512
0.938769
0.932152
0.739185
0.591413
0.558397
0.992694
0.958429
0.819812
0.991890
0.839657
0.701265
0.995000
0.999087
0.932851
0.948242
0.906428
0.337795
0.488496
0.762303
0.672713
0.654739
0.989902
0.578598
0.994789
0.977446
0.648655
0.921102
0.584960
0.953517
0.669535
0.996102
0.999027
0.621473
0.663300
0.921898
0.974761
0.989374
0.980767
0.559232
0.948143
0.754429
0.989594
0.887345
0.999884
0.790089
0.987749
0.985426
0.956561
0.441083
0.906337
0.786834
0.750330
0.732854
0.995637
0.875759
0.957991
0.682604
0.998983
0.866169
0.985546
0.374952
0.988259
0.880845
0.871774
0.997020
0.763514
0.977930
0.949285
0.999766
0.873964
0.927252
0.548390
0.937343
0.996808
0.714457
0.912512
0.604902
0.568369
0.989799
0.538789
0.381514
0.716325
0.609286
0.633571
0.731308
0.635900
0.989813
0.958870
0.922280
0.986226
0.853987
0.997961
0.996220
0.984773
0.984844
0.655436
0.668690
0.997878
0.940922
0.967836
0.799897
0.930994
0.997281
0.662845
0.585232
0.557880
0.977196
0.993941
0.402602
0.939172
0.604866
0.881339
0.961036
0.499087
0.843970
0.607306
0.854002
0.981537
0.998898
0.813928
0.828546
0.768310
0.997909
0.984813
0.997962
0.606822
0.977951
0.859738
0.969318
0.800045
0.706252
0.976280
0.945949
0.999764
0.581946
0.798660
0.999591
0.698878
0.979485
0.999978
0.982624
0.888807
0.550119
0.996215
0.994991
0.495539
0.556492
0.945668
0.891926
0.462569
0.991316
0.996472
0.987247
0.999914
0.998204
0.960545
0.615712
0.666574
0.413182
0.896077
0.615923
0.653934
0.904560
0.661733
0.828379
0.424904
0.970257
0.696892
0.533259
0.643580
0.901238
0.670762
0.662305
0.986551
0.876901
0.995276
0.895002
0.908363
0.711555
0.706624
0.858131
0.870299
0.981550
0.939635
0.601842
0.994127
0.979035
0.982878
0.813878
1.000000
0.785710
0.737569
0.941583
0.985157
0.992665
0.964873
0.811643
0.998064
0.702310
0.980081
0.632118
0.885975
0.493846
0.456602
0.968278
0.742220
0.978603
0.992798
0.983050
0.839350
0.737211
0.999548
0.999801
0.943163
0.902077
0.874580
0.997278
0.655128
0.786360
0.988379
0.997933
0.547506
0.947464
0.981409
0.999721
0.996155
0.864579
0.701510
0.665611
0.991469
0.853166
0.742150
0.727768
0.614453
0.985577
0.926788
0.980523
0.491489
0.995416
0.595759
0.985251
0.960590
0.990708
0.998487
0.924792
0.901205
0.626766
0.824757
0.932072
0.993564
0.971394
0.929767
0.757367
0.740223
0.953080
0.783231
0.933854
0.741910
0.993746
0.659415
0.999021
0.814652
0.880026
0.930552
0.855991
0.601089
0.547652
0.816385
0.993759
0.662543
0.998612
0.977269
0.923697
0.512774
0.562024
0.975330
0.396619
0.567453
0.998657
0.998618
0.908944
0.456376
0.968640
0.632345
0.993334
0.999972
0.980412
0.980541
0.933854
0.552068
0.784926
0.668457
0.986582
0.941589
0.926594
0.842618
0.885480
0.961810
0.960405
0.993439
0.791724
0.981240
0.990154
0.999432
0.999021
0.991349
0.972655
0.887935
0.823601
0.999978
0.887663
0.380348
0.626704
0.943249
0.647786
0.999884
0.923262
0.961975
0.964522
0.926409
0.998480
0.982459
0.996903
0.471854
0.885790
0.999793
0.983288
0.841906
0.908631
0.997585
0.773973
0.666390
0.832361
0.954166
0.999557
0.967128
0.892802
0.825437
0.609597
0.913063
0.967978
0.998764
0.890864
0.952532
0.981116
0.996622
0.713272
0.476096
0.995533
0.996287
0.684123
0.972308
0.913616
0.715874
0.938925
0.891909
0.999951
0.996309
0.803524
0.854792
0.376134
0.625360
0.952417
0.994316
0.809669
0.859054
0.937924
0.970998
0.847298
