0.999746
0.935462
0.479307
0.852517
0.994785
0.996907
0.593346
0.999985
0.994539
0.999990
0.550843
0.704442
0.932992
0.663941
0.990184
0.999995
0.565267
0.999752
0.803193
0.788088
0.999764
0.703470
0.999997
0.807180
0.998908
0.999978
0.999979
0.601822
0.999997
1.000000
0.956171
0.999999
0.999911
0.999944
0.999930
1.000000
0.999975
0.629262
0.857778
0.779887
0.484801
0.999527
0.999959
0.894977
0.930501
0.999826
0.999864
0.969718
0.988369
0.999998
0.999992
0.991832
0.949518
0.999999
0.999987
0.788465
0.549177
0.879030
1.000000
0.999997
0.999300
0.997034
0.981605
0.797755
0.999988
0.843016
0.999974
0.999996
0.977610
0.492087
0.637577
0.999991
0.782833
0.999524
0.999968
0.675866
0.999959
0.999996
0.999976
0.999998
0.708986
0.478884
0.848730
0.464195
0.999995
0.999995
0.999481
1.000000
0.999122
0.797297
0.999742
0.999996
0.802941
0.999985
1.000000
0.484597
0.839783
0.823417
0.999989
0.999993
0.596917
0.825195
0.999991
0.990671
0.999973
0.951511
0.999925
0.740954
0.999999
0.999937
0.999973
0.998347
0.399179
0.894655
0.999998
0.851335
0.974425
0.999928
0.996679
0.999920
0.798075
0.999979
0.817667
0.999960
0.771359
0.493807
0.999897
0.999999
0.981704
0.748488
0.717033
0.999980
0.946857
0.993035
0.666556
0.999915
0.955256
0.999866
0.999996
1.000000
0.948074
0.639029
0.999998
0.996035
0.995243
0.920546
0.997577
0.698565
0.999990
0.999885
0.940589
0.975864
0.769102
0.716928
0.999866
0.999991
0.973665
0.921964
0.999988
0.824783
1.000000
1.000000
0.952573
0.837554
0.637226
0.999826
0.734288
0.958993
0.999966
1.000000
0.999997
0.998936
0.999814
0.999565
0.999996
0.999835
1.000000
0.912717
0.677354
1.000000
0.763822
0.996256
0.969780
0.999992
0.329794
0.999753
0.917226
1.000000
0.873466
0.823829
0.976540
0.999138
0.999972
0.999822
0.546180
0.999999
0.901566
0.999988
0.999974
0.995488
0.855519
0.999998
0.999974
0.989203
0.870247
0.868861
1.000000
1.000000
0.980433
0.999876
0.921494
0.586122
0.947140
0.999554
0.999784
0.999997
0.847867
0.839305
0.956019
0.952003
0.999993
0.999437
0.999986
0.999973
0.999936
0.821603
0.809879
0.944835
0.945668
0.382961
0.978460
0.523029
0.999212
0.999900
0.999977
0.998515
0.999984
0.999981
0.999990
0.721267
0.579497
0.538517
0.999965
0.999991
0.999989
0.669871
0.807552
0.535604
0.567883
0.996186
0.999973
1.000000
0.928140
0.999598
0.999999
0.643987
0.810564
0.998392
0.871348
0.999999
0.999732
1.000000
0.658994
0.822013
0.972802
0.930492
0.999951
0.975659
0.999990
0.999970
0.999918
0.999993
0.999999
0.999989
0.643807
0.999998
1.000000
0.975836
1.000000
0.999891
0.999702
0.872905
0.881838
0.999910
0.964783
0.998719
0.999721
0.998448
0.999927
0.999874
0.837253
0.999988
0.999998
0.946157
0.999976
0.999979
0.463258
0.997943
0.982434
0.999816
0.999529
0.999970
0.999864
0.999884
0.685939
0.999622
0.937465
0.975513
0.999856
1.000000
0.875127
0.999585
0.995937
0.999982
0.642233
0.745415
0.999972
0.999997
0.893654
1.000000
0.998752
0.999988
0.998760
0.999990
0.990332
0.999903
0.806033
0.633806
0.999958
0.871170
1.000000
1.000000
0.577812
0.743882
0.603529
0.999996
0.965936
0.998227
0.646523
1.000000
0.998773
1.000000
0.996163
0.999990
0.999109
0.999997
0.855488
0.999999
0.579922
0.896173
0.994148
0.651829
1.000000
0.668436
0.369884
0.999668
0.999987
0.999950
0.975183
0.821349
0.903956
0.999732
1.000000
0.390269
0.938127
0.999492
0.866567
0.643248
0.729190
0.931620
0.981543
0.999998
0.999997
0.999812
0.993756
0.999977
0.971324
0.999784
1.000000
1.000000
0.999991
1.000000
0.999929
0.705778
0.999205
0.999990
0.867026
0.635741
0.999993
0.463814
0.999991
0.608789
0.993812
0.735482
0.593396
0.999778
0.776195
0.999993
0.971793
0.999929
0.740387
0.999996
0.998923
0.825268
0.987218
0.911051
0.926396
0.920725
0.941272
0.999836
0.999673
0.999986
0.860659
0.995161
0.999997
0.999987
0.710511
0.999950
0.962914
0.999985
0.887675
0.999986
0.782531
0.999995
0.806802
0.999968
1.000000
1.000000
0.948184
0.999907
0.999990
0.999989
0.797892
0.484381
0.940941
0.999908
0.999107
0.956764
0.999841
0.994633
0.980022
0.999952
1.000000
0.947345
0.909644
0.999794
0.999958
0.769991
0.999963
0.999960
0.999974
0.585465
0.724915
0.980639
0.837512
0.999212
0.999998
0.999983
0.620127
0.823570
0.744837
0.664349
0.952398
0.501862
0.898925
0.981832
1.000000
0.999994
0.994436
0.949993
0.999991
0.426700
1.000000
0.999989
0.999985
1.000000
0.870653
0.980546
0.725076
0.973341
1.000000
0.955980
0.999885
0.999987
0.910626
0.999999
0.890063
0.999979
1.000000
0.946576
1.000000
0.999984
0.465540
0.999786
0.999954
0.999999
0.999981
0.857572
0.853660
0.999992
0.986755
1.000000
0.723854
0.995154
0.999997
0.934179
0.999950
0.999998
0.999997
0.999999
0.999701
0.902756
0.999989
0.999426
0.999986
0.991244
0.999420
0.928446
0.999188
0.922392
0.833960
1.000000
0.999735
0.649490
0.903973
1.000000
0.817518
0.998841
0.999923
0.999967
0.955145
0.979915
0.999855
0.999999
0.414421
1.000000
0.999734
0.903855
0.999997
0.999999
0.993559
0.922710
0.999998
0.999691
0.916692
0.959373
0.999994
1.000000
0.635412
0.510587
0.930134
0.999960
0.749353
1.000000
1.000000
0.867538
0.532026
0.999993
0.540671
0.869446
0.717831
0.999956
0.863828
0.999999
0.651804
0.962750
0.955159
0.892829
0.999981
0.846498
0.756298
0.723554
0.999988
0.999973
0.991819
0.758409
1.000000
0.999998
0.828716
1.000000
0.998996
0.999993
0.460228
0.999906
0.763704
0.966775
0.999985
0.999996
0.999946
0.999976
0.999741
0.881102
0.999996
0.999948
1.000000
0.984833
0.998589
1.000000
0.999941
0.999458
0.728749
0.751114
0.999816
0.979705
0.999841
0.999981
0.400061
0.999807
0.999787
0.822074
0.486409
0.999995
1.000000
0.971737
1.000000
0.999486
0.999992
0.999995
0.981689
0.999918
0.440415
0.999982
0.981485
0.999999
0.532229
0.999930
0.999933
0.999983
0.792778
0.999790
0.999979
0.672693
0.999309
0.999999
0.769720
0.999999
0.999926
0.999960
0.881554
0.717061
0.837715
1.000000
1.000000
0.919952
0.999918
1.000000
0.932218
0.999997
0.999959
0.999997
0.849253
0.999903
0.484153
0.933078
0.423257
0.913200
0.689704
0.815677
0.999919
0.977478
0.999894
0.961428
1.000000
1.000000
0.993151
0.998219
0.999960
0.999288
0.994110
0.999992
0.999943
0.377287
0.611257
0.998541
0.813037
0.674055
0.733379
0.999959
0.998895
0.999998
0.999918
0.349043
0.979131
0.734734
0.719282
0.998234
0.999970
0.999910
0.898955
0.998487
0.931751
0.996663
0.999279
0.729184
0.999945
0.871539
0.510750
0.999706
0.999971
0.542817
0.622758
0.999647
0.810024
1.000000
0.908929
0.766375
0.999961
0.999984
0.999999
0.898105
0.967075
0.794896
0.999999
0.999990
0.999648
0.999968
0.802574
1.000000
0.999990
0.343950
0.905756
0.979871
0.328385
0.999662
0.939780
0.915287
0.996154
0.922090
0.929967
0.998922
0.999966
0.999998
0.999963
0.999995
0.999987
0.999991
0.999979
0.999866
0.999974
1.000000
0.999958
0.999498
0.713913
0.997611
0.999773
0.977096
0.980756
0.567303
0.999994
0.999996
1.000000
0.610326
0.894896
0.999999
1.000000
1.000000
0.999540
1.000000
0.895209
0.999972
0.996176
0.999970
1.000000
0.999839
0.999983
0.794677
0.998648
0.857962
0.999987
0.963838
0.999983
0.999989
0.995100
0.819434
0.964508
0.958160
0.999989
0.999396
0.723445
0.999996
0.999990
0.999949
0.999999
0.999988
0.999996
0.934947
0.999963
0.966425
0.883904
0.795425
0.999997
0.999438
0.999678
0.891489
0.999981
0.964476
0.741254
0.734186
0.417220
0.771305
0.999833
0.909817
0.810062
0.999999
0.823739
0.305623
0.999925
0.533315
0.999960
0.539939
0.976357
0.915018
0.999950
0.999999
0.999990
0.999641
0.820355
0.948816
0.997714
0.970939
0.999959
0.986175
0.999855
1.000000
0.983076
0.503959
0.999997
0.915434
0.790776
0.942460
0.668262
0.998795
0.361232
0.999512
0.868522
0.999993
0.984934
0.999337
0.911455
0.999961
0.702087
0.991599
0.868663
0.815135
0.948462
0.968909
0.482625
0.947617
0.872200
0.534072
0.999293
0.946473
0.928219
0.744855
0.970605
0.999576
0.995982
0.998424
0.944993
0.527861
0.685077
0.967411
0.999726
0.749514
0.997982
0.316410
0.998370
0.801324
0.796514
0.548452
0.913175
0.491158
0.990095
0.871837
0.968925
0.966046
0.862990
0.991095
0.971780
0.633432
0.994507
0.790062
0.715970
0.992498
0.787642
0.998048
0.471738
0.806327
0.537281
0.905915
0.946415
0.995801
0.936854
0.522315
0.903312
0.765610
0.969715
0.738573
0.829030
0.552423
0.839449
0.991571
0.989181
0.760825
0.999825
0.966577
0.607549
0.962258
0.848268
0.978762
0.556582
0.684812
0.958701
0.899842
0.996584
0.998635
0.951327
0.937418
0.658151
0.596701
0.981107
0.993189
0.728784
0.979855
0.938147
0.985925
0.996564
0.978017
0.956452
0.879914
0.981290
0.760946
0.931839
0.995032
0.983565
0.468972
0.955467
0.486765
0.962719
0.902259
0.607958
0.873632
0.992945
0.999554
0.970033
0.986345
0.572542
0.994116
0.493855
0.972612
0.982651
0.748987
0.999989
0.399081
0.999197
0.770226
0.830702
0.768378
0.916246
0.788606
0.673556
0.775855
0.999548
0.924476
0.977422
0.830437
0.731152
0.964914
0.989146
0.801599
0.999314
0.875586
0.693755
0.997675
0.997684
0.996270
0.675575
0.948339
0.952694
0.774737
0.893172
0.983189
0.999802
0.972939
0.583594
0.416663
0.999574
0.942031
0.999450
0.887919
0.791252
0.899311
0.643268
0.624500
0.810580
0.829378
0.809053
0.955267
0.972393
0.932527
0.984294
0.995695
0.674955
0.847120
0.907376
0.665736
0.775603
0.922509
0.893403
0.986319
0.621969
0.904929
0.983733
0.943403
0.995438
0.866473
0.878763
0.972247
0.527384
0.967132
0.547724
0.814276
0.835023
0.603603
0.966657
0.875313
0.831367
0.978436
0.813734
0.523768
0.558438
0.681623
0.614546
0.994039
0.939118
0.984615
0.909079
0.957493
0.769685
0.988817
0.996819
0.783490
0.903521
0.718571
0.899144
0.943974
0.996981
0.997344
0.761702
0.891560
0.637894
0.644678
0.595623
0.781722
0.996571
0.733342
0.462792
0.887829
0.862195
0.986596
0.925308
0.999509
0.998754
0.979048
0.999145
0.963974
0.996440
0.812872
0.989109
0.831202
0.982520
0.819891
0.891061
0.992190
0.464680
0.572043
0.915438
0.455433
0.660394
0.927530
0.860671
0.899439
0.749670
0.742767
0.468356
0.979285
0.685968
0.962185
0.978860
0.893925
0.953772
0.998843
0.701676
0.624223
0.999885
0.941563
0.931674
0.921071
0.983994
0.994880
0.979966
0.805032
0.938005
0.948084
0.753758
0.519144
0.982917
0.473674
0.992130
0.999777
0.955410
0.760911
0.977849
0.872722
0.969439
0.943124
0.768969
0.990243
0.708814
0.694207
0.821802
