0.598663
0.388658
0.544638
0.578200
0.476275
0.579576
0.710021
0.426416
0.454590
0.502322
0.904333
0.758094
0.451046
0.694009
0.642708
0.464102
0.592942
0.615702
0.546244
0.786139
0.365899
0.796823
0.531594
0.411225
0.688414
0.731106
0.797833
0.347964
0.618959
0.860714
0.510284
0.554010
0.539044
0.814673
0.346858
0.892100
0.528107
0.888598
0.421817
0.741992
0.756743
0.832365
0.894074
0.688389
0.603208
0.633372
0.390007
0.473461
0.559824
0.276895
0.459889
0.648966
0.754727
0.799214
0.696189
0.831342
0.723724
0.817870
0.602080
0.461985
0.454531
0.883536
0.476130
0.745294
0.714284
0.913307
0.522735
0.721416
0.407096
0.554605
0.357587
0.558635
0.849059
0.843817
0.793847
0.799619
0.795658
0.879074
0.584728
0.658895
0.545772
0.447363
0.374719
0.840191
0.647882
0.851172
0.464427
0.666376
0.928277
0.595465
0.602928
0.786876
0.575261
0.826825
0.789821
0.398769
0.869157
0.742136
0.322741
0.494111
0.764469
0.596212
0.507731
0.675967
0.601654
0.913149
0.505993
0.689104
0.559991
0.855710
0.336504
0.441271
0.463745
0.936462
0.809726
0.540967
0.605552
0.700675
0.417545
0.697894
0.745967
0.478207
0.380205
0.554173
0.640839
0.866192
0.871863
0.824252
0.907259
0.540741
0.753224
0.476447
0.605952
0.762999
0.745607
0.496155
0.700826
0.834556
0.768178
0.375865
0.568499
0.800960
0.873260
0.547062
0.586001
0.640224
0.502704
0.736999
0.846215
0.776464
0.645518
0.304188
0.915652
0.871823
0.316088
0.843712
0.484895
0.899949
0.827255
0.459844
0.447567
0.812984
0.568921
0.805146
0.834152
0.900622
0.693118
0.666292
0.478642
0.661703
0.649997
0.707358
0.865818
0.677657
0.464633
0.449394
0.765743
0.466952
0.720701
0.569071
0.553485
0.902154
0.922351
0.567510
0.683951
0.617436
0.493571
0.509178
0.504418
0.589871
0.863197
0.724068
0.866543
0.526425
0.728516
0.888578
0.360329
0.566868
0.527715
0.798465
0.434433
0.665311
0.649442
0.917164
0.724343
0.809117
0.832256
0.817804
0.736515
0.738498
0.784093
0.396347
0.752092
0.627934
0.789924
0.638244
0.452553
0.509593
0.602965
0.602038
0.608865
0.665460
0.370972
0.738007
0.310764
0.753329
0.764645
0.511645
0.695043
0.537903
0.710961
0.531355
0.860887
0.302232
0.705867
0.499196
0.803828
0.491433
0.552148
0.489995
0.691649
0.663683
0.422579
0.865972
0.877437
0.769006
0.865191
0.515954
0.636115
0.760644
0.534941
0.604616
0.732244
0.916070
0.900300
0.652819
0.922119
0.586427
0.448700
0.853512
0.932958
0.535367
0.873301
0.896879
0.898687
0.475669
0.833710
0.850860
0.394013
0.709425
0.659311
0.640622
0.929915
0.793663
0.344409
0.752860
0.928932
0.730459
0.921194
0.586561
0.770523
0.658207
0.881147
0.689658
0.554179
0.343830
0.597833
0.749837
0.910566
0.940451
0.839109
0.765570
0.775939
0.808496
0.406347
0.876706
0.843054
0.605902
0.837273
0.364973
0.523609
0.696128
0.900486
0.720016
0.898899
0.736453
0.355083
0.853093
0.570599
0.463334
0.826961
0.908444
0.916520
0.878137
0.871830
0.737373
0.827274
0.722162
0.286165
0.770285
0.602367
0.419141
0.760647
0.591111
0.913086
0.886333
0.512860
0.459647
0.489920
0.433157
0.701071
0.912431
0.661369
0.465069
0.860242
0.560347
0.554148
0.708799
0.682118
0.862229
0.511705
0.553909
0.477520
0.734632
0.412036
0.456227
0.874583
0.491248
0.617601
0.599794
0.442173
0.925601
0.666777
0.338425
0.921373
0.853617
0.416924
0.908405
0.917899
0.709644
0.660129
0.841675
0.517053
0.603848
0.899522
0.592005
0.827696
0.800289
0.914662
0.440372
0.873585
0.546395
0.472577
0.551247
0.745953
0.333610
0.723698
0.282036
0.801257
0.791976
0.521959
0.695563
0.512070
0.625239
0.504690
0.466462
0.785410
0.485859
0.819428
0.452143
0.419198
0.784763
0.861168
0.612185
0.566878
0.789698
0.491037
0.608824
0.518739
0.628504
0.737543
0.636730
0.326722
0.592013
0.889264
0.788046
0.625413
0.909521
0.671685
0.650459
