0.688315
0.501943
0.409974
0.461472
0.838575
0.501410
0.567468
0.601696
0.658579
0.805184
0.981437
0.979368
0.283443
0.397969
0.673064
0.361008
0.439252
0.253926
0.913522
0.681476
0.613774
0.277244
0.441981
0.487413
0.856085
0.604339
0.608097
0.509781
0.961747
0.454864
0.742589
0.675421
0.492787
0.938147
0.453757
0.738766
0.594440
0.585111
0.945301
0.292758
0.411040
0.509718
0.962324
0.909223
0.534946
0.290393
0.549061
0.383011
0.346387
0.817211
0.673816
0.822607
0.949850
0.897305
0.304725
0.848525
0.561298
0.499486
0.871634
0.727078
0.660954
0.417565
0.948109
0.571101
0.958220
0.526283
0.973989
0.565737
0.561523
0.611487
0.491194
0.601013
0.512506
0.862010
0.720077
0.509856
0.948493
0.865556
0.305642
0.281532
0.383756
0.439754
0.615543
0.529423
0.610731
0.422935
0.508495
0.976975
0.612023
0.975512
0.586538
0.604629
0.444921
0.368290
0.691527
0.630312
0.721160
0.481679
0.360210
0.586177
0.457284
0.582657
0.586025
0.397585
0.767964
0.607430
0.817375
0.442428
0.684448
0.448922
0.351379
0.565979
0.788039
0.552977
0.605516
0.404070
0.765672
0.476859
0.853146
0.708560
0.613138
0.959325
0.932732
0.862692
0.895219
0.534748
0.846772
0.789923
0.547478
0.689236
0.497346
0.831321
0.516659
0.705356
0.673851
0.619829
0.654181
0.509245
0.892193
0.310854
0.912529
0.569301
0.783783
0.426573
0.383246
0.923537
0.929387
0.529993
0.707035
0.663298
0.682066
0.345703
0.388785
0.406152
0.540343
0.569096
0.399203
0.778389
0.900404
0.632167
0.835818
0.477523
0.472968
0.536684
0.361384
0.488381
0.800788
0.430895
0.668505
0.866873
0.761447
0.705589
0.656093
0.584486
0.686322
0.604184
0.453927
0.462646
0.290701
0.864926
0.549533
0.444319
0.766954
0.615857
0.899142
0.630442
0.870870
0.649865
0.726514
0.622669
0.809283
0.903208
0.683871
0.855415
0.810097
0.484928
0.462927
0.363921
0.981933
0.957756
0.673186
0.622484
0.807099
0.442280
0.407933
0.663923
0.704224
0.319183
0.936822
0.487727
0.565433
0.587518
0.499581
0.442000
0.670663
0.487455
0.410207
0.829819
0.424162
0.379616
0.658218
0.716495
0.788571
0.511875
0.457115
0.659454
0.909440
0.968542
0.604404
0.778370
0.592840
0.807296
0.570472
0.871342
0.471604
0.564781
0.422375
0.659929
0.314296
0.908348
0.676314
0.475882
0.559173
0.806743
0.758611
0.520011
0.305001
0.379741
0.357167
0.823584
0.959879
0.884851
0.744466
0.384841
0.635735
0.823017
0.474452
0.945896
0.363888
0.434409
0.928671
0.716221
0.549793
0.930346
0.817235
0.709178
0.983456
0.432791
0.672657
0.780149
0.376058
0.308621
0.739761
0.632802
0.819154
0.651537
0.472522
0.930815
0.293760
0.650149
0.607552
0.908506
0.619239
0.758405
0.991783
0.378039
0.850521
0.791349
0.969974
0.792880
0.736092
0.601918
0.755146
0.480538
0.801308
0.452224
0.477775
0.706409
0.671676
0.413595
0.905338
0.491418
0.524165
0.863708
0.638654
0.915698
0.618133
0.762225
0.892764
0.460666
0.978903
0.851560
0.672359
0.346887
0.592078
0.602429
0.892972
0.842134
0.834224
0.864187
0.874172
0.671708
0.485546
0.456934
0.365880
0.956584
0.440593
0.780585
0.531189
0.621469
0.620378
0.826896
0.475013
0.368512
0.562245
0.323214
0.771788
0.592517
0.528285
0.518800
0.998342
0.654280
0.600719
0.368588
0.458087
0.565735
0.653248
0.857897
0.515953
0.429082
0.682812
0.712237
0.786160
0.728893
0.636863
0.537973
0.594342
0.311057
0.425729
0.708738
0.392098
0.593732
0.843654
0.380553
0.565571
0.853397
0.469521
0.680474
0.586959
0.341420
0.899394
0.801083
0.580341
0.555107
0.852658
0.902694
0.997849
0.365176
0.999981
0.392207
0.898495
0.627704
0.477223
0.786152
0.438920
