0.991213
0.896716
0.345712
0.641714
0.965680
0.516577
0.943430
0.695822
0.982834
0.940227
0.989576
0.632845
0.578078
0.727642
0.667499
0.965975
0.990740
0.459441
0.952842
0.605882
0.587063
0.507957
0.503597
0.979533
0.766791
0.986589
0.659418
0.640456
0.975550
0.992530
0.525292
0.937003
0.989290
0.461537
0.992706
0.974825
0.990219
0.981129
0.986458
0.982774
0.578340
0.365802
0.740896
0.635280
0.341285
0.974983
0.978856
0.742824
0.625849
0.894023
0.975128
0.978898
0.972030
0.952371
0.988360
0.975369
0.630738
0.419760
0.946534
0.979966
0.990366
0.595617
0.339233
0.608903
0.984474
0.990051
0.984654
0.909985
0.840964
0.676625
0.988518
0.775761
0.988114
0.983134
0.904254
0.411379
0.990589
0.806559
0.968859
0.987161
0.848386
0.464911
0.989341
0.976157
0.987981
0.994626
0.673623
0.447402
0.384111
0.980617
0.990059
0.858739
0.322235
0.984966
0.988827
0.965519
0.989313
0.991750
0.987941
0.988504
0.592937
0.632767
0.360760
0.985323
0.984875
0.405969
0.658653
0.945453
0.938417
0.987139
0.967203
0.989495
0.696616
0.990878
0.989483
0.987447
0.987406
0.632005
0.711824
0.985043
0.892926
0.796190
0.971070
0.950733
0.973769
0.704066
0.684310
0.985926
0.987764
0.839614
0.969662
0.977313
0.884170
0.452285
0.713316
0.582650
0.985898
0.883029
0.972062
0.496167
0.983785
0.925603
0.975952
0.971362
0.984469
0.941435
0.839414
0.985195
0.968398
0.934476
0.766827
0.971183
0.644355
0.983599
0.986955
0.915078
0.838897
0.442937
0.969885
0.991646
0.798759
0.854630
0.985286
0.882839
0.992375
0.992415
0.967184
0.771201
0.988816
0.888559
0.632891
0.982254
0.682820
0.987879
0.958009
0.964796
0.992807
0.993701
0.969845
0.987154
0.412322
0.963131
0.991247
0.630278
0.872155
0.948688
0.986366
0.978935
0.988779
0.983580
0.492121
0.942682
0.941451
0.987433
0.968403
0.658666
0.553378
0.974772
0.707931
0.976727
0.984765
0.947557
0.832656
0.987239
0.987437
0.922104
0.579948
0.841621
0.886512
0.985747
0.984670
0.922295
0.982160
0.482883
0.841564
0.240338
0.699391
0.763918
0.992428
0.986177
0.985985
0.478736
0.781081
0.479333
0.798837
0.982465
0.987115
0.977502
0.990988
0.974808
0.662197
0.778985
0.945127
0.619626
0.722354
0.375817
0.986435
0.982060
0.979099
0.977671
0.988111
0.963666
0.987317
0.640594
0.656869
0.852728
0.983930
0.978640
0.987852
0.557496
0.874727
0.530964
0.607889
0.985450
0.982331
0.878875
0.970025
0.992661
0.682691
0.439014
0.979346
0.686960
0.980342
0.991400
0.992814
0.803229
0.970930
0.963187
0.887479
0.809840
0.934020
0.991489
0.987392
0.980690
0.985393
0.987246
0.989403
0.988294
0.992166
0.832329
0.971133
0.979494
0.968712
0.899535
0.942855
0.986891
0.672733
0.969071
0.982248
0.610628
0.865246
0.981929
0.967480
0.535653
0.968822
0.722020
0.989619
0.928843
0.982272
0.980811
0.486532
0.450302
0.979978
0.935960
0.701184
0.972578
0.983630
0.986350
0.975701
0.962880
0.520501
0.975526
0.988138
0.993160
0.892673
0.979802
0.971456
0.985976
0.447340
0.836506
0.601282
0.581403
0.979862
0.673927
0.988819
0.886285
0.983995
0.980238
0.493069
0.989738
0.863361
0.991575
0.433338
0.982328
0.524261
0.763743
0.991564
0.545862
0.484626
0.510313
0.684321
0.568001
0.989596
0.553837
0.982049
0.422670
0.991512
0.727893
0.986502
0.984698
0.991074
0.972448
0.983312
0.982125
0.988342
0.522140
0.784493
0.978668
0.682747
0.988579
0.801380
0.982391
0.986651
0.990704
0.669045
0.617529
0.340266
0.744743
0.964304
0.992682
0.974644
0.980244
0.907949
0.493194
0.820010
0.786802
0.361124
0.988107
0.992936
0.989355
0.932251
0.972359
0.772155
0.982736
0.990566
0.992085
0.781918
0.987855
0.988961
0.988489
0.732179
0.968182
0.983027
0.674746
0.248736
0.988847
0.595116
0.988712
0.853457
0.843386
0.851060
0.364155
0.402407
0.643496
0.989707
0.856053
0.519856
0.987930
0.496513
0.541765
0.989753
0.975535
0.903069
0.900330
0.739099
0.913717
0.558442
0.949865
0.931418
0.982052
0.746084
0.992666
0.985778
0.306082
0.527005
0.989706
0.944083
0.987857
0.551470
0.990442
0.443634
0.982773
0.721163
0.754719
0.992561
0.992522
0.917677
0.980017
0.991731
0.972576
0.816132
0.818742
0.570766
0.684812
0.968268
0.931379
0.988063
0.634133
0.936754
0.992105
0.989039
0.837471
0.652759
0.975398
0.983724
0.668708
0.984009
0.690776
0.987223
0.986693
0.787460
0.734767
0.390676
0.821277
0.991664
0.989070
0.955161
0.462201
0.836525
0.390069
0.481095
0.828876
0.963438
0.910140
0.986666
0.987094
0.845035
0.778019
0.985380
0.468180
0.990638
0.992678
0.988333
0.990491
0.856174
0.371369
0.779425
0.992593
0.327707
0.818239
0.969860
0.987947
0.971690
0.990126
0.686748
0.980470
0.985202
0.886599
0.986919
0.989249
0.400614
0.989988
0.990063
0.983148
0.982601
0.503167
0.669131
0.480988
0.725558
0.987576
0.893702
0.990697
0.405192
0.962595
0.985228
0.779547
0.983488
0.979035
0.991337
0.990206
0.990878
0.732766
0.984999
0.508347
0.970077
0.989551
0.948713
0.978625
0.684964
0.984269
0.539152
0.905056
0.989179
0.979094
0.882945
0.687725
0.991803
0.962188
0.979689
0.982209
0.989920
0.458944
0.896741
0.970131
0.989142
0.989940
0.982121
0.519387
0.986252
0.991191
0.920275
0.827881
0.987230
0.944645
0.779869
0.983303
0.322723
0.985450
0.799332
0.833677
0.398853
0.915924
0.983425
0.447381
0.994117
0.992651
0.482524
0.969393
0.725192
0.755012
0.624558
0.982463
0.974775
0.798944
0.744121
0.961267
0.792330
0.987915
0.793188
0.930789
0.366093
0.985490
0.985899
0.962970
0.689713
0.987415
0.985062
0.607224
0.989817
0.952436
0.479100
0.978685
0.395013
0.987977
0.610924
0.726778
0.974889
0.992592
0.979101
0.989103
0.915110
0.925806
0.989348
0.970112
0.708763
0.990391
0.954682
0.285381
0.978714
0.990064
0.939534
0.958354
0.586225
0.509465
0.977759
0.937785
0.988482
0.987040
0.814366
0.986222
0.990551
0.387905
0.569860
0.516730
0.988560
0.846972
0.988200
0.982491
0.981421
0.987176
0.989356
0.911523
0.987112
0.288446
0.964682
0.961450
0.980423
0.984719
0.973230
0.986395
0.682361
0.464042
0.346985
0.987246
0.986099
0.983911
0.985961
0.693907
0.987621
0.943118
0.992912
0.839797
0.714804
0.811578
0.988699
0.673232
0.933356
0.668080
0.984438
0.988348
0.888713
0.977525
0.973334
0.981695
0.744965
0.956161
0.567816
0.493433
0.671806
0.927810
0.741345
0.877697
0.797163
0.797086
0.977496
0.931484
0.987337
0.886480
0.980539
0.984672
0.936863
0.960342
0.979036
0.940329
0.655760
0.988045
0.984829
0.968945
0.574759
0.406313
0.976583
0.882864
0.626168
0.760023
0.973404
0.978052
0.983058
0.987781
0.557636
0.796474
0.573613
0.427707
0.980113
0.531749
0.988188
0.980226
0.974883
0.941738
0.911693
0.946400
0.973888
0.867798
0.476627
0.987173
0.980705
0.469970
0.969695
0.837031
0.568484
0.988949
0.721380
0.676219
0.626627
0.399750
0.314366
0.980005
0.834042
0.987713
0.980026
0.745437
0.923088
0.882677
0.513241
0.983182
0.984779
0.664074
0.962063
0.977491
0.920915
0.984482
0.982972
0.951200
0.774945
0.975208
0.939315
0.966788
0.974914
0.919890
0.694913
0.950961
0.982369
0.987218
0.978214
0.990731
0.985059
0.983767
0.980081
0.971187
0.985415
0.981904
0.820295
0.992354
0.985018
0.755610
0.584454
0.938406
0.979590
0.945919
0.860036
0.993270
0.986763
0.447665
0.979255
0.660825
0.859313
0.979301
0.991218
0.984723
0.976946
0.986784
0.916785
0.990477
0.948248
0.986130
0.989579
0.982457
0.986077
0.949945
0.977581
0.891513
0.984950
0.724480
0.988820
0.986866
0.916363
0.965763
0.795177
0.989161
0.962047
0.304488
0.985598
0.988384
0.987347
0.973625
0.989057
0.990515
0.794287
0.919781
0.985918
0.983697
0.791191
0.829118
0.991090
0.954251
0.983403
0.844916
0.983669
0.801545
0.805983
0.701828
0.377266
0.778539
0.987783
0.693403
0.980651
0.717927
0.470760
0.989480
0.981046
0.950812
0.744615
0.639608
0.985199
0.982877
0.981688
0.466743
0.750708
0.973940
0.970103
0.977105
0.895099
0.963080
0.982897
0.888426
0.702678
0.991013
0.410184
0.673453
0.491239
0.420783
0.217080
0.697521
0.897354
0.713613
0.979451
0.970719
0.935323
0.964692
0.876420
0.987941
0.514230
0.924646
0.451497
0.880114
0.435902
0.470943
0.553274
0.761516
0.772516
0.760812
0.959194
0.875422
0.537076
0.978360
0.937040
0.895074
0.955279
0.869132
0.965059
0.906943
0.508527
0.946275
0.957523
0.541807
0.569438
0.887682
0.894304
0.625586
0.981176
0.791808
0.986671
0.907865
0.611225
0.915757
0.714328
0.721669
0.909549
0.418512
0.904206
0.490203
0.563782
0.547297
0.908197
0.934492
0.895082
0.747240
0.934625
0.539504
0.881947
0.460850
0.656237
0.732038
0.799103
0.902430
0.625280
0.969998
0.694146
0.754233
0.863413
0.754566
0.858070
0.377100
0.790874
0.745771
0.530388
0.857552
0.820729
0.819785
0.580282
0.536204
0.918776
0.856136
0.631017
0.927155
0.811518
0.476900
0.915740
0.930617
0.820788
0.525845
0.917471
0.918442
0.844267
0.964016
0.873706
0.681708
0.935106
0.730608
0.642982
0.737542
0.427592
0.855578
0.914853
0.660140
0.881535
0.459564
0.886547
0.685507
0.640952
0.898451
0.741862
0.856606
0.430345
0.434663
0.456468
0.469780
0.481320
0.459409
0.745307
0.908403
0.795503
0.676314
0.509206
0.904164
0.871717
0.456441
0.896976
0.832681
0.878088
0.847649
0.927352
0.540238
0.494556
0.677397
0.941823
0.887208
0.955577
0.833480
0.872569
0.917283
0.832957
0.798808
0.546565
0.547163
0.905221
0.446578
0.757946
0.952917
0.848005
0.934978
0.402113
0.723867
0.744423
0.771924
0.695298
0.535653
0.611758
0.558505
0.806237
0.825288
0.912778
0.632773
0.452062
0.795143
0.708097
0.496382
0.879474
0.805717
0.931080
0.380922
0.689782
0.696786
0.716634
0.917772
0.316182
0.653200
0.746626
0.401479
0.903725
0.498244
0.793853
0.537451
0.554981
0.548975
0.974900
0.318689
0.504335
0.900309
0.679984
0.300161
0.460128
0.545792
0.869439
0.383528
0.827432
0.609362
0.968857
0.596323
0.864613
0.865932
0.875546
0.739649
0.954700
0.581184
0.480513
0.911558
0.910999
0.665103
0.647004
0.969018
0.776520
0.494694
0.923521
0.898368
0.811430
0.920078
0.898825
0.715956
0.840869
0.899034
0.776795
0.857998
0.891687
0.743032
0.568229
0.925376
0.381935
0.742523
0.848672
0.324789
0.545506
0.822672
0.910469
0.666915
0.742550
0.761745
0.830072
0.946532
0.375381
0.742422
0.368208
0.270245
0.569624
0.627778
0.772457
0.957806
0.494683
0.643991
0.804778
0.831483
0.906065
0.583466
0.892387
0.928571
0.445577
0.476355
0.351933
0.805313
0.868689
0.786260
0.400533
0.767779
0.863921
0.614011
0.958431
0.640650
0.967685
0.907717
0.793947
0.927339
0.596322
0.459950
0.929774
0.703553
0.427192
0.781090
0.907692
0.690981
0.488672
0.700705
