0.627698
0.568508
0.753069
0.720327
0.743046
0.461962
0.482860
0.830976
0.864301
0.901267
0.334577
0.778386
0.977635
0.860246
0.777029
0.809449
0.391980
0.632405
0.930085
0.566182
0.520270
0.564136
0.693074
0.473975
0.965427
0.887483
0.931443
0.962482
0.762515
0.528929
0.686831
0.601600
0.636055
0.828574
0.566079
0.691285
0.518384
0.500425
0.413413
0.934419
0.868221
0.465654
0.752999
0.486177
0.796312
0.382186
0.995521
0.891178
0.697428
0.924097
0.591555
0.544223
0.749623
0.974574
0.922617
0.703789
0.536507
0.997074
0.940487
0.961376
0.650716
0.896467
0.931562
0.981463
0.493532
0.650422
0.999763
0.969734
0.402165
0.818418
0.962753
0.589602
0.672128
0.780468
0.913502
0.724890
0.920021
0.998877
0.630331
0.946317
0.997803
0.956843
0.894649
0.716220
0.850922
0.690909
0.812980
0.644469
0.949433
0.804892
0.760665
0.997402
0.632060
0.689573
0.393249
0.827045
0.561746
0.640648
0.883899
0.659352
0.563028
0.661429
0.736142
0.834744
0.848161
0.992006
0.713767
0.722380
0.558082
0.448437
0.898284
0.379002
0.736076
0.998358
0.969918
0.687388
0.943300
0.583625
0.939455
0.978494
0.869693
0.975259
0.991488
0.524428
0.695750
0.978540
0.658436
0.631483
0.955937
0.785444
0.778650
0.961717
0.878527
0.994273
0.827998
0.636355
0.863603
0.842935
0.582798
0.900544
0.886435
0.532288
0.582737
0.521650
0.992584
0.574449
0.671656
0.446588
0.984356
0.308003
0.563103
0.712799
0.516122
0.834345
0.981289
0.574490
0.784478
0.881721
0.834195
0.552177
0.697898
0.928268
0.358566
0.994972
0.819621
0.961662
0.869622
0.513863
0.913017
0.604031
0.915078
0.578599
0.478609
0.890288
0.983658
0.378687
0.610978
0.520901
0.924159
0.694710
0.585537
0.973787
0.999064
0.998879
0.732541
0.508084
0.665163
0.511416
0.681011
0.864430
0.728668
0.962161
0.537586
0.778606
0.933526
0.530300
0.629428
0.507587
0.434377
0.728459
0.440853
0.707144
0.659743
0.240429
0.370046
0.692186
0.845327
0.683512
0.962064
0.877244
0.610571
0.998303
0.594914
0.375278
0.997239
0.821554
0.691361
0.603711
0.586891
0.929555
0.458967
0.578489
0.500964
0.544563
0.861661
0.631542
0.547127
0.959301
0.483810
0.500305
0.951133
0.466549
0.955612
0.511359
0.988272
0.492123
0.990248
0.798830
0.860759
0.983851
0.934034
0.632236
0.973693
0.907172
0.908599
0.791536
0.991876
0.903087
0.910155
0.793671
0.980789
0.862898
0.837866
0.425123
0.418829
0.420174
0.378108
0.925367
0.999270
0.959076
0.499217
0.968113
0.498679
0.592347
0.740059
0.983471
0.984012
0.569133
0.890859
0.878946
0.952551
0.873017
0.427775
0.692869
0.617728
0.479530
0.828770
0.463071
0.850206
0.982850
0.582071
0.909711
0.607133
0.944502
0.869073
0.705534
0.863956
0.368073
0.519208
0.792069
0.690350
0.998182
0.763867
0.994642
0.506899
0.567497
0.829755
0.690767
0.494725
0.851106
0.695660
0.743456
0.985713
0.512387
0.807749
0.608887
0.743211
0.509185
0.596180
0.845459
0.590042
0.887137
0.842705
0.948473
0.997514
0.648497
0.958173
0.782083
0.459809
0.541412
0.689671
0.616707
0.883497
0.579534
0.920409
0.554113
0.528605
0.375282
0.530632
0.897367
0.773315
0.988338
0.733733
0.642538
0.965219
0.655362
0.513090
0.915220
0.779436
0.844177
0.830604
0.514535
0.441491
0.507285
0.576533
0.856918
0.797376
0.807769
0.549218
0.605951
0.993089
0.832371
0.999454
0.802417
0.952284
0.763295
0.975147
0.745165
0.665169
0.704282
0.989988
0.926884
0.821434
0.961388
0.963445
0.857118
0.433944
0.789520
0.383397
0.650812
0.968420
0.984842
0.776259
0.351572
0.627346
0.842055
0.485492
0.935695
0.573701
0.831939
0.713858
0.823216
0.613766
0.545153
0.854454
0.998306
0.730348
0.998465
0.846476
0.823161
0.915309
0.968766
0.779102
0.859481
0.631549
0.414045
0.994778
0.639945
0.650707
0.900171
0.637273
0.903802
0.519603
0.753651
0.718647
0.834942
0.652444
0.618470
