0.999999
0.998424
0.851446
0.874034
0.998142
0.968223
0.995740
0.999937
0.967776
0.999892
0.926420
0.925973
0.972979
0.480063
0.999918
1.000000
0.974132
0.999151
0.983124
0.593991
0.998744
0.669853
0.999795
0.977388
0.992783
0.554414
1.000000
0.999991
1.000000
0.968548
0.998403
0.999785
0.997925
1.000000
0.971363
0.998830
1.000000
0.999944
0.998848
0.530996
0.989279
0.997449
0.999740
0.991866
0.791928
0.969010
0.999720
0.999951
0.996052
0.999977
0.998495
0.996397
0.994533
0.999878
1.000000
0.495429
0.999767
0.999729
0.999996
0.999959
0.727965
0.999861
0.923816
0.722013
1.000000
0.997425
0.999892
0.998712
0.987233
0.999973
0.640982
0.951053
0.999602
1.000000
0.913317
0.999582
0.999953
0.999848
0.999980
0.929804
0.715830
0.998310
0.999986
0.416349
0.999956
0.999963
0.975788
0.999999
0.957035
0.999678
0.999971
0.999979
0.999601
0.999539
0.999995
0.570625
0.998601
0.988852
1.000000
0.995947
0.999965
0.789692
0.998809
0.999951
0.999825
0.999930
0.999860
0.999999
0.966819
0.948675
0.997010
0.999383
1.000000
0.606094
0.999909
0.787822
0.999719
0.994632
0.998337
0.605161
0.998245
0.999976
0.996587
0.978226
0.899344
0.999699
0.998453
0.994111
0.999750
0.999847
0.996438
0.999980
0.999782
0.999978
0.986535
0.984829
0.999741
0.999551
0.929376
0.991290
0.999990
1.000000
0.997159
0.732100
0.837309
0.944312
1.000000
0.996849
0.999995
0.982833
0.999965
1.000000
0.999375
0.910155
0.999943
0.881185
0.890630
0.999761
1.000000
0.999227
0.998028
0.999802
0.998731
0.999999
0.999007
1.000000
0.986473
0.994698
0.764073
0.999994
0.979138
0.994763
1.000000
0.765834
0.990798
0.999980
0.999468
0.999991
0.999871
0.999622
0.995827
0.998526
0.818446
0.998120
0.988095
0.999992
0.999996
0.996930
0.997524
0.999983
0.999953
0.988724
0.972954
0.985861
0.999991
0.999944
0.985952
0.998874
0.587713
0.983456
0.999276
0.790110
0.999165
0.999962
0.999943
0.972798
0.745285
0.999239
0.994212
0.999991
0.999987
0.999633
0.999777
0.938789
0.994970
0.902077
0.836315
0.962532
0.995377
0.998106
0.997701
0.999354
1.000000
0.999723
1.000000
0.963229
0.999951
0.992289
0.997479
0.999921
0.999983
0.990886
0.839063
0.988076
0.988743
0.999761
0.999361
0.997593
0.998907
0.999723
0.990985
0.629341
0.947549
0.972388
0.999237
0.999871
0.999730
0.987404
0.999675
0.967711
0.996560
0.755909
0.944067
0.999998
0.999127
1.000000
0.999905
0.999987
0.727667
1.000000
0.510768
0.790673
1.000000
0.999983
0.998535
1.000000
0.998424
0.996251
0.975397
0.991561
0.999736
0.999889
0.999229
0.999442
0.997730
0.728442
0.994784
0.998363
0.998286
0.733848
0.431683
0.999502
0.997898
0.998792
0.618049
0.999581
1.000000
0.998785
0.996350
1.000000
0.996504
0.999881
0.999101
0.999797
0.806567
0.922046
0.998944
0.999555
0.999622
0.976649
0.999365
0.967618
0.809256
0.999015
0.999998
0.780237
0.391961
1.000000
0.999994
0.999625
0.999982
0.983088
1.000000
0.999922
1.000000
0.983986
0.999990
0.987644
0.994112
0.999906
0.999999
0.997383
0.999960
0.995108
0.876055
0.993379
1.000000
0.582744
0.999999
0.999707
0.973050
0.999999
0.998418
0.999985
0.999805
0.999894
0.987351
0.999991
0.999006
0.996436
0.998902
0.987928
0.995983
0.994911
0.994677
0.996505
0.999650
0.980739
0.952268
0.960566
0.950261
0.999998
0.568461
0.994387
0.995801
0.999457
0.997574
0.996181
0.999786
1.000000
0.999929
0.505237
0.999765
0.993371
0.999979
0.999622
1.000000
0.939720
0.999995
0.999855
0.999962
0.998849
0.995257
0.999849
1.000000
0.999988
0.998225
0.960824
0.998203
0.561878
0.999993
0.997802
0.713399
0.999986
0.980375
0.997008
0.450442
0.999877
0.995827
0.999999
0.999508
0.947770
0.988013
0.986712
0.979837
0.693631
0.986928
1.000000
0.999996
0.749900
0.940342
1.000000
0.999971
0.989082
0.823765
0.995771
0.887836
0.996934
1.000000
0.943420
0.999984
0.858551
0.999321
0.999845
0.998470
1.000000
0.999985
0.668432
0.999827
1.000000
0.999994
0.981413
0.998939
0.815850
0.994881
0.973129
1.000000
0.805160
0.997459
0.998682
0.998990
0.643018
0.999160
1.000000
0.997584
0.975452
1.000000
0.992744
0.999786
0.999999
0.967362
0.908462
0.957146
0.991282
1.000000
0.999176
0.946754
0.908091
0.648362
0.998230
0.996228
0.994854
0.999417
0.999797
0.556031
0.989210
0.999882
0.996816
0.999914
1.000000
0.999310
0.999920
0.996941
0.990027
0.996871
0.935283
1.000000
0.994395
0.999649
0.999651
0.998491
1.000000
1.000000
0.997426
0.954516
0.999634
0.999822
0.994507
0.999887
0.999985
0.999991
0.999831
0.849349
0.994652
0.999975
0.505225
0.999948
0.999411
0.999897
0.987419
0.999501
0.998617
0.999994
0.997189
0.960412
0.999861
0.986330
0.999959
0.999193
0.999152
0.992658
0.998195
0.999561
0.999335
0.998934
0.947873
0.999822
0.999361
0.893647
0.852668
0.994732
0.999968
0.986499
0.996650
0.999430
0.999982
0.863786
0.999878
1.000000
1.000000
0.999850
0.999578
0.999684
0.991306
0.999989
0.995190
0.990734
0.999880
0.333024
0.999999
0.997349
1.000000
0.992847
0.999708
0.999872
0.999709
0.999056
0.817187
0.990829
0.997034
0.571130
0.999494
0.994887
0.964778
0.998778
0.999246
0.964476
0.833704
0.997503
0.999996
0.987464
0.996720
0.999859
0.999538
0.972463
0.999899
0.993725
0.998880
0.768967
0.997298
0.999800
0.789727
0.999111
0.999818
0.999969
0.999993
0.998667
0.972407
0.999989
0.999937
0.853885
0.759820
1.000000
0.963339
0.998863
0.998999
1.000000
0.998347
0.999195
0.535736
0.990823
0.998828
0.988400
0.999315
0.996774
0.864439
0.792054
0.999996
0.999984
0.986783
0.884166
0.999912
0.997460
0.999992
0.998181
0.999713
0.999989
0.872021
0.999988
1.000000
0.992971
0.998815
0.653710
0.999989
0.984296
0.999350
0.964110
0.985357
0.999271
0.999904
0.995704
0.999181
0.999802
0.999999
0.999535
1.000000
0.730161
1.000000
0.998400
0.999915
0.941224
0.793727
0.998168
0.828177
0.999484
0.999900
0.999801
0.982921
0.999706
0.996227
0.999593
0.995842
0.999954
0.899195
0.629391
0.996859
0.952566
0.996367
0.495987
0.970279
0.998426
0.990368
0.997932
0.999777
0.997087
0.994946
0.999920
0.994930
0.998107
0.999477
0.997863
0.999920
0.998121
1.000000
0.995885
0.908828
0.995269
0.994859
0.999331
0.999943
0.880896
0.967066
0.999510
0.891283
0.489735
0.999931
0.999989
0.998990
0.929992
0.975632
0.548392
0.998857
0.568695
0.999995
0.999768
0.999786
0.995246
0.631148
0.991001
0.949502
0.999729
0.805058
0.999594
0.999491
0.990047
0.998638
0.929433
0.829307
0.998748
0.999972
0.995637
0.869264
0.999925
0.821793
0.999978
0.999957
0.999791
0.997869
0.972152
0.996879
0.999630
1.000000
0.995041
0.999801
0.998316
0.979017
0.999740
0.999861
0.529786
0.983135
0.999785
0.934104
0.998357
0.999455
0.989995
0.997200
0.996360
0.999675
0.999983
0.999949
0.999984
1.000000
0.999813
0.999363
0.999873
0.678803
0.972119
0.996700
0.998105
0.999785
1.000000
0.611404
0.997157
0.999148
0.998268
0.994373
0.718502
0.999275
0.998525
0.999075
0.975025
0.996797
0.999984
0.998591
0.999142
0.999995
0.999232
0.999753
0.976328
0.999981
0.999998
0.999627
0.908597
0.866022
0.998592
0.872333
0.999995
0.999665
0.999999
1.000000
0.975982
0.896306
0.965137
0.998631
1.000000
0.998210
0.604545
0.746916
0.999891
0.999764
0.999837
0.999714
1.000000
0.999996
0.998046
0.950814
0.999995
0.999927
0.801726
0.998774
0.999996
0.998963
0.998762
0.968878
1.000000
0.984974
0.949485
0.910809
0.796658
0.966772
0.999689
0.710856
0.999897
0.993772
0.999580
0.978454
0.999950
0.979578
0.997110
0.998051
0.892439
0.999998
0.999629
0.999524
0.999872
0.998883
0.997759
0.935752
0.999340
0.690580
0.999236
0.950648
0.999386
0.998374
1.000000
0.864964
0.973637
0.945239
0.981233
0.978331
0.998522
0.995238
0.998914
0.999933
0.995162
0.997800
0.964570
0.999947
0.907725
0.991763
0.524521
0.993804
0.998622
0.998658
0.999052
0.998595
0.999252
0.976963
0.977185
0.990622
0.997443
0.928167
0.997106
0.990245
0.997099
0.999577
0.860798
0.978382
0.589828
0.995488
0.999412
0.958758
0.785225
0.848592
0.754129
0.965501
0.996845
0.996066
0.996363
0.999982
0.911545
0.998710
0.988753
0.998869
0.829979
0.988626
0.901556
0.980065
0.767858
0.482247
0.868865
0.978679
0.996881
0.796174
0.953337
0.822981
0.974620
0.865937
0.999953
0.990220
1.000000
0.996430
0.993180
0.754664
0.988676
0.999747
0.565500
0.993883
0.952706
0.998349
0.995831
0.962880
0.989787
0.958927
0.994130
0.879653
0.983103
0.521806
0.992689
0.604311
0.814472
0.942386
0.884197
0.998631
0.999507
0.954980
0.989480
0.828093
0.985011
0.951149
0.988728
0.995471
0.993313
0.994962
0.995740
0.999720
0.963449
0.996913
0.985389
0.904127
0.940886
0.997926
0.995222
0.997735
0.929900
0.896196
0.994767
0.960645
0.995793
0.979267
0.986360
0.917201
0.966210
0.988377
0.971629
0.998837
0.973794
0.959453
0.990990
0.781510
0.924903
0.995952
0.995824
0.997804
0.999975
0.999999
0.743188
0.999712
0.982482
0.982261
0.867274
0.940479
0.965386
0.983780
0.605428
0.498645
0.944401
0.978696
0.999876
0.999786
0.997525
0.999125
0.756582
0.996408
0.993984
0.998873
0.814871
0.740770
0.766899
0.974404
0.953173
0.997187
0.999997
0.970538
0.898226
0.631016
0.989935
0.924529
0.973878
0.973176
0.998441
0.940720
0.999297
0.963696
0.983030
0.978914
0.680028
0.997873
0.991133
0.985331
0.998497
0.988393
0.808479
0.999981
0.994558
0.990181
0.856157
0.975849
0.654348
0.978091
0.881661
0.998820
0.977346
0.996014
0.966945
0.741417
0.999959
0.960526
0.998849
0.892490
0.586513
0.999560
0.998745
0.998159
0.980048
0.999886
0.999923
0.947082
0.587044
0.995004
0.948789
0.998013
0.516285
0.930851
0.754453
0.890239
0.990470
0.994425
0.988352
0.967669
0.970162
0.987014
0.999192
0.956593
0.999704
0.478277
0.981386
0.981082
0.971226
0.995491
0.998954
0.996279
0.506350
0.995529
0.999963
0.995044
0.999391
0.992041
0.914499
0.984699
0.997775
0.969592
0.556259
0.779530
0.991591
0.783669
0.676956
0.984998
0.956865
0.922965
0.991293
0.851653
0.982546
0.664929
0.493077
1.000000
0.926947
0.856055
0.969667
0.990799
0.941199
0.975507
0.952495
0.994970
0.999745
0.883473
0.933863
0.998536
1.000000
0.941904
0.996555
0.975167
0.600294
0.993138
0.890254
0.998619
