0.999045
0.994754
0.979737
0.670065
0.995625
0.811186
0.982891
0.943228
0.999065
0.975380
0.632828
0.996880
0.913624
0.998559
0.999668
0.828212
0.998611
0.741524
0.943870
0.914307
0.944917
0.853598
0.998088
0.715002
0.999976
0.999550
0.999866
0.986296
0.996130
0.998842
0.997798
0.999902
0.991405
0.998628
0.944552
0.999324
0.997780
0.665209
0.999855
0.823683
0.826162
0.999525
0.999931
0.975780
0.694903
0.999961
0.997086
0.981540
0.998643
0.999969
0.999479
0.513971
0.974401
0.855412
0.999737
0.999723
0.413459
0.997385
0.993940
0.999972
0.653760
0.969063
0.931603
0.576699
0.999974
0.998112
0.999239
0.999875
0.992368
0.989876
0.999955
0.751503
0.996670
0.999978
0.561570
0.978092
0.998680
0.999980
0.999511
0.950969
0.720185
0.820073
0.532326
0.555832
0.638158
0.989203
0.999994
0.855634
0.974068
0.999610
0.994448
0.999108
0.495464
0.987397
0.981064
0.999919
0.999996
0.939950
0.864736
0.998105
0.998056
0.998615
0.939827
0.997563
0.991879
0.997789
0.655499
0.999520
0.999103
0.995740
0.966516
0.617193
0.999969
0.877682
0.890919
0.999045
0.999929
0.997932
0.764169
0.879564
0.999396
0.999655
0.978504
0.999959
0.986308
0.995810
0.999323
0.998307
0.992211
0.973837
0.984439
0.518407
0.989790
0.991860
0.984805
0.999990
0.974507
0.999955
0.999863
0.999942
0.991650
0.999903
0.998334
0.992292
0.997336
0.997207
0.999941
0.990093
0.986710
0.999907
0.994958
0.890486
0.567332
0.740680
0.954776
0.999850
0.999147
0.875494
0.997671
0.375756
1.000000
0.999992
0.965824
0.983342
0.999025
0.793349
0.997642
0.999983
0.999256
0.999972
0.948348
0.971634
0.999632
0.996612
0.999895
0.932443
0.850331
0.958614
0.999442
0.923068
0.867071
0.995283
0.999597
0.999147
0.712630
0.999989
0.996288
0.999274
0.963565
0.998454
0.989681
0.908682
0.998098
0.970392
0.999586
0.998316
0.936550
0.909513
0.999684
0.999922
0.994060
0.539117
0.959540
0.773547
0.999991
0.999700
0.997634
0.996049
0.872721
0.815202
0.996529
0.823969
0.999871
0.995058
0.995956
0.964927
0.982228
0.633105
0.445458
0.993132
0.999999
0.994426
0.998792
0.998996
0.997673
0.955290
0.812909
0.916375
0.799539
0.698213
0.789351
0.999030
0.998924
0.478947
0.991359
0.831593
0.999630
0.993010
0.999906
0.990677
0.963519
0.994690
0.999987
0.998780
0.841311
0.999152
0.915281
0.994760
0.971594
0.998267
0.982388
0.989386
0.999537
0.999905
0.780681
0.640183
0.996046
0.956066
0.993702
0.998235
0.999899
0.652246
0.979173
0.997088
0.429174
0.897573
0.997773
0.997900
0.998688
0.999872
0.999910
0.995616
0.460605
0.790037
0.947916
0.997448
0.999999
0.999872
0.998125
0.960533
0.567555
0.679912
0.999644
0.565617
0.749907
0.998876
0.999850
0.999234
0.907968
0.760507
0.804716
0.995760
0.922186
0.999739
0.999601
0.846709
0.995074
0.993419
0.999527
0.997524
0.997904
0.999843
0.995416
0.993972
0.430940
0.995186
0.999071
0.999997
0.993826
0.999588
0.999941
0.971320
0.967582
0.997781
0.999808
0.978441
0.999834
0.946479
0.999959
0.999579
0.674363
0.999962
0.998253
0.999796
0.575858
0.996145
0.999118
0.962481
0.999960
0.999726
0.472219
0.917800
0.988673
0.732708
0.999987
0.613030
0.957038
0.463772
0.999949
0.999967
0.997112
0.999693
0.997322
0.998430
0.989357
0.999747
0.998685
0.954142
0.943177
0.884007
0.998367
0.999876
0.999132
0.997735
0.999545
0.985728
0.500005
0.920116
0.997044
0.999997
0.992661
0.997710
0.969903
0.768408
0.999242
0.969200
0.950561
0.999944
0.999904
0.998123
0.998471
0.997836
0.987364
0.999930
0.999969
0.703022
0.999619
0.999926
0.887684
0.999934
0.539235
0.975432
0.999863
0.987511
0.999924
0.679345
0.999986
0.620740
0.955066
0.999778
0.961610
0.998761
0.825029
0.909437
0.711367
0.999984
0.911060
0.999951
0.853614
0.999718
0.992577
0.989881
0.999458
0.817454
0.996638
0.707608
0.999283
0.995598
0.998168
0.582621
0.999852
0.999419
0.926962
0.992774
0.851062
0.987078
0.999370
0.975623
1.000000
0.998859
0.986160
0.994145
0.999992
0.999994
0.840552
0.999958
0.999730
0.998612
0.872449
0.570543
0.699540
0.992117
0.916078
0.998168
0.925462
0.998411
0.592755
0.653530
0.999761
0.999733
0.685700
0.857064
0.998240
0.957975
0.997580
0.588623
0.998585
0.989195
0.990151
0.999951
0.988616
0.947734
0.985861
0.999944
0.992146
0.885823
0.998041
0.790154
0.867152
0.999476
0.520529
0.951404
0.998237
0.999984
0.999767
0.718594
0.999901
0.535023
0.999610
0.998281
0.999873
0.999603
0.935532
0.978676
0.998880
0.999988
0.991208
0.998000
0.999718
0.987610
0.999894
0.504005
0.981815
0.997337
0.999967
0.972492
0.999799
0.998177
0.975728
0.996191
0.992382
0.946157
0.940852
0.999898
0.999826
0.994483
0.999981
0.621985
0.933604
0.999822
0.914066
0.999762
0.999237
0.999892
0.929236
0.996702
0.869649
0.999869
0.971372
0.999712
0.878335
0.999728
0.533636
0.998081
0.976815
0.963192
0.999920
0.999497
0.673234
0.689475
0.999804
0.914743
0.992204
0.997754
0.996543
0.770536
0.742968
0.963759
0.999957
0.999967
0.962613
0.785378
0.999964
0.998397
0.887638
0.667671
0.999219
0.995865
0.998130
0.974885
0.999319
0.999415
0.923252
0.747380
0.999535
0.999997
0.999951
0.923958
0.999954
0.970948
0.988872
0.995859
0.999947
0.467770
0.999159
0.839994
0.987031
0.998435
0.872223
0.950424
0.705639
0.999333
0.999781
0.830885
0.702673
0.996561
0.994228
0.996141
0.999985
0.990640
0.997074
0.618100
0.999867
0.936323
0.534158
0.998533
0.984862
0.999422
0.998697
0.946807
0.938971
0.997828
0.994682
0.999942
0.979052
0.803395
0.999218
0.990417
0.999988
0.987461
0.997241
0.581237
0.999462
0.961989
0.982667
0.999862
0.456892
0.997972
0.642577
0.999161
0.999449
0.897220
0.627913
0.999590
0.954916
0.998606
0.996893
0.992781
0.999536
0.998916
0.962916
0.998645
0.852854
0.419494
0.999963
0.515567
0.891286
0.999066
0.999992
0.992230
0.996783
0.990548
0.998591
0.999982
0.999181
0.999950
0.754010
0.999865
0.997603
0.996898
0.512245
0.997524
0.994592
0.993712
0.999642
0.999425
0.997139
0.994755
0.995078
0.997017
0.834240
0.992974
0.933363
0.897470
0.838980
0.666806
0.737661
0.587844
0.999495
0.984718
0.999617
0.956265
0.999575
0.999987
0.982040
0.994969
0.988461
0.846386
0.985877
0.994736
0.999829
0.999785
0.999973
0.998905
0.863954
0.705916
0.841534
0.999061
0.526219
0.997146
0.999999
0.992576
0.912055
0.678227
0.983481
0.792223
0.995226
0.988684
0.999953
0.591484
0.998501
0.990985
0.936350
0.979177
0.409288
0.602210
0.998706
0.971103
0.924249
0.972721
0.866858
0.622212
0.791273
0.999809
0.955756
0.996754
0.767693
0.460562
0.999080
0.997616
0.999746
0.914107
0.999518
0.848162
0.953357
0.919052
0.999814
0.999621
0.981595
0.998806
0.734760
0.999041
0.995961
0.970092
0.984510
0.734548
0.963890
0.921528
0.873722
0.992163
0.997091
0.912844
0.986705
0.999392
0.999951
0.905995
0.991184
0.999978
0.997234
0.999013
0.679480
0.998650
0.999759
0.985961
0.994480
0.995619
0.946144
0.999463
0.996274
0.990279
0.647513
0.999076
0.997981
0.354165
0.998503
0.713928
0.796982
0.998788
0.999981
0.992537
0.995998
0.935682
0.999948
0.989511
0.999708
0.942079
0.997008
0.999994
0.999556
0.999903
0.950720
0.942626
0.993230
0.999540
0.999956
0.999945
0.998799
0.917630
0.999959
0.999327
0.996533
0.473774
0.999533
0.998328
0.996833
0.998857
1.000000
0.999953
0.814721
0.999322
0.947143
0.481111
0.969268
0.999999
0.999050
0.999927
0.882902
0.998618
0.982167
0.762422
0.909514
0.959054
0.999852
0.999999
0.832420
0.697098
0.994851
0.955505
0.976561
0.999199
0.511409
0.994193
0.996980
0.990947
0.999677
0.997366
0.998854
0.998830
0.901086
0.996712
0.971753
0.979087
0.987438
0.990821
0.995345
0.998537
0.985217
0.886872
0.941616
0.993990
0.999818
0.823859
0.933226
0.873381
0.936888
0.794306
0.998972
0.999871
0.925419
0.997746
0.774132
0.999968
0.852742
0.997733
0.891940
0.997106
0.782952
0.901361
0.932957
0.999557
0.949192
0.919124
0.991591
0.985680
0.996401
0.905617
0.918405
0.959544
0.944192
0.956069
0.999927
0.766185
0.333640
0.937348
0.992238
0.738259
0.421056
0.862271
0.843679
0.851238
0.550112
0.841676
0.479631
0.838293
0.498553
0.984068
0.782237
0.998839
0.941586
0.965603
0.974654
0.998183
0.949774
0.964372
0.978935
0.880035
0.967810
0.894367
0.837886
0.991764
0.880781
0.944709
0.372715
0.694199
0.925870
0.539172
0.938044
0.935540
0.776939
0.975952
0.639453
0.480269
0.729062
0.900888
0.976770
0.928785
0.910762
0.997634
0.999184
0.788698
0.963203
0.969034
0.897776
0.991584
0.943996
0.920127
0.969478
0.689195
0.870261
0.980058
0.488175
0.940771
0.909602
0.998931
0.886059
0.979141
0.881342
0.952036
0.820326
0.989942
0.855029
0.997426
0.640265
0.976352
0.996934
0.958116
0.999213
0.867045
0.987625
0.880531
0.908303
0.969804
0.980362
0.905514
0.534557
0.854861
0.809599
0.992673
0.867654
0.900437
0.833181
0.638186
0.918333
0.530301
0.943426
0.933154
0.998647
0.999978
0.939516
0.591474
0.848060
0.899898
0.936529
0.993662
0.923911
0.962885
0.896528
0.723980
0.939973
0.979940
0.980477
0.998143
0.904880
0.963322
0.986877
0.710639
0.979034
0.869197
0.974203
0.874923
0.962744
0.680985
0.609582
0.771071
0.999213
0.948999
0.859406
0.956704
0.999767
0.998677
0.735923
0.729384
0.956645
0.693926
0.522831
0.975201
0.713875
0.943053
0.774549
0.994333
0.959740
0.999935
0.705565
0.983707
0.717322
0.621696
0.989187
0.999912
0.954124
0.989745
0.958612
0.846262
0.719073
0.765741
0.977757
0.924744
0.927369
0.901528
0.862970
0.931752
0.988724
0.981718
0.778447
0.430358
0.760493
0.931408
0.931819
0.559897
0.999060
0.658743
0.992615
0.935800
0.785504
0.954303
0.740489
0.998947
0.627373
0.934298
0.982207
0.977834
0.999111
0.996978
0.948614
0.904754
0.979238
0.898868
0.856994
0.696955
0.962722
0.983851
0.903781
0.959607
0.838590
0.912255
0.524838
0.996247
0.855218
0.409577
0.931723
0.464651
0.871035
0.963836
0.987084
0.468062
0.621462
0.685425
0.983458
0.980658
0.716436
0.520338
0.978793
0.547519
0.892503
0.591776
0.545558
0.982288
0.996757
0.907464
0.486987
0.969392
0.922668
0.998634
0.994521
0.980058
0.862691
0.999926
0.966325
0.936366
0.998139
0.848560
0.861254
0.808921
0.981978
0.997872
0.726547
0.958649
0.834891
0.766391
0.982803
0.933094
0.829693
0.945252
0.970400
0.634259
0.997295
0.936632
0.997752
0.935921
0.625111
0.990219
0.861413
0.970051
0.573051
0.964872
