0.999256
0.991543
0.429273
0.502904
0.855334
0.999990
0.780232
0.999725
0.997652
0.999995
0.997493
0.523640
0.996052
1.000000
0.615339
0.998935
0.936749
0.807013
0.496949
0.972067
0.985789
0.908498
0.998958
0.924342
0.999994
0.835308
0.999804
0.999998
0.999998
0.974180
0.999982
0.999990
0.998747
1.000000
0.993443
0.999140
0.946089
0.999900
0.999942
0.999740
0.593061
0.859595
0.998896
0.743270
0.999834
0.985860
0.999870
0.993139
0.991534
0.999723
0.999815
0.920340
0.999421
0.654007
0.950393
0.999996
0.999642
0.922956
0.999994
0.999987
0.999995
0.999602
0.639793
0.999558
0.992185
0.999545
0.998562
0.999985
0.999716
0.994254
0.978121
0.999987
0.819069
0.999872
0.999999
0.891353
0.999921
0.998541
0.999572
0.999999
0.996446
0.490829
0.855104
0.852003
0.999990
0.999963
0.989201
0.995739
0.999347
0.999974
0.978058
0.999995
0.833966
0.999961
0.999977
0.999993
0.998805
0.490908
0.892330
0.999894
0.998429
0.847726
0.986788
0.999986
0.998159
0.999961
0.998726
0.999996
0.633007
0.997755
0.999987
0.999271
0.999451
0.999662
0.546374
0.999963
0.832650
0.837791
0.999519
0.999934
0.999409
0.438970
0.887518
0.999920
0.974272
0.999995
0.998730
0.515444
0.997653
0.986442
0.999579
0.999408
0.986891
0.645144
0.564454
0.499240
0.932638
0.999949
0.931333
0.973407
0.970594
0.999837
0.995784
0.999986
0.999972
0.999997
0.991731
0.999337
0.999974
0.999746
0.998964
0.875226
0.999985
0.999961
0.998136
0.929861
0.479994
0.998961
0.999997
0.997043
0.855130
0.999976
0.999966
0.999973
0.999023
0.562238
0.557878
0.918348
0.999933
0.928785
0.992682
0.999005
0.999209
0.999991
0.999814
0.996855
0.999880
0.999997
0.999691
0.999936
0.991383
0.999995
0.914412
0.880021
0.999979
0.999998
0.712128
0.458881
0.999974
0.987620
0.999998
0.974544
0.732226
0.987459
0.996135
0.999811
0.999976
0.997726
0.786205
0.999921
0.915459
0.999762
0.999975
0.974302
0.861229
0.999978
0.999753
0.968880
0.686373
0.999999
0.999998
0.994007
0.999908
0.728490
0.987559
0.988970
0.998667
0.998433
0.999955
0.999998
0.985341
0.996520
0.991130
0.998426
0.999999
0.999977
0.999625
1.000000
0.999884
0.696521
0.982638
0.989426
0.930752
0.967334
0.996099
0.999673
0.999958
0.614154
0.999663
0.999984
0.999909
0.997230
0.999992
0.999608
0.955052
0.791303
0.995558
0.999991
0.999665
0.865707
0.978436
0.976502
0.999951
0.999021
0.992556
0.999914
0.999917
0.997792
0.997923
0.570300
0.999732
0.999995
0.999927
0.997279
0.975105
0.570832
0.999673
0.804252
0.940723
0.999761
0.999982
0.999954
0.999988
0.999988
0.999992
0.999950
0.967095
0.668373
0.999991
0.999999
0.983981
0.999952
0.999986
0.999150
0.942809
0.764113
0.999910
0.978985
0.993819
0.999742
0.758685
0.998066
0.998311
0.528412
0.796861
0.999900
0.997809
0.999906
0.631585
0.999853
0.999955
0.875722
0.887003
0.999644
0.978228
0.999084
0.999594
0.999929
0.999999
0.995221
0.999963
0.915457
0.998702
0.999141
0.999921
0.999113
0.493051
0.999968
0.595181
0.999961
0.810763
0.997933
0.999999
0.830319
0.999912
0.738569
0.999988
0.999798
0.999999
0.989053
0.999996
0.948795
0.999836
0.926096
0.999374
0.816983
0.999999
0.994116
0.540585
0.988396
0.907691
0.519683
0.999995
0.768059
0.999653
0.878200
0.999977
0.825118
0.999950
0.993528
0.999996
0.999930
0.999991
0.988823
0.999994
0.993269
0.979302
0.998509
0.999972
0.988677
0.611454
0.999119
0.999830
0.999996
0.978383
0.531131
0.659115
0.995674
0.983076
0.999998
0.947211
0.999463
0.996207
0.767696
0.906706
0.999487
0.815702
0.999989
0.999999
0.999460
0.930941
0.999915
0.999939
0.999981
0.999997
0.899561
0.999999
0.999924
0.974773
0.999983
0.841629
0.996195
0.999998
0.990198
0.999946
0.888545
0.999998
0.978374
0.611873
0.999357
0.982074
0.941023
0.999998
0.955435
0.969429
0.999997
0.604092
0.909785
0.999999
0.999813
0.995616
0.973860
0.995299
0.956491
0.987861
0.913242
0.999920
0.998809
0.809958
0.999998
0.999821
0.874619
0.999968
0.722014
0.998144
0.999997
0.856345
0.999999
0.999996
0.997730
0.999734
0.999949
0.999990
0.999922
0.999997
0.999990
0.533491
0.697919
0.750964
0.998913
0.824628
0.999932
0.984953
0.994832
0.999997
0.999968
0.626994
0.726521
0.996416
0.995154
0.999930
0.731672
0.999992
0.999737
0.999991
0.851642
0.864674
0.847610
0.982917
0.600460
0.999917
0.999998
0.997961
0.997099
0.807405
0.951968
0.997200
0.938467
0.851097
0.999883
0.999962
0.999231
0.986854
0.996204
0.999820
0.999997
1.000000
0.999987
0.999991
0.394668
0.994476
0.392638
0.994759
0.999995
0.570481
0.996456
0.998586
0.999983
0.984133
0.999992
0.794713
0.999952
0.999970
0.656224
0.999988
0.999977
0.999551
0.999181
0.999996
0.999952
0.850082
0.715887
0.982288
0.999986
0.983861
1.000000
0.997359
0.999999
0.507648
0.999521
0.999614
0.999990
0.999985
0.999986
0.998458
0.999768
0.997010
0.999980
0.863145
0.904580
0.992742
0.999459
0.992593
0.843404
0.999998
0.999843
0.988610
0.744437
0.990759
0.999994
0.840250
0.999770
0.999709
0.999985
0.914360
0.602941
0.981665
0.999995
0.884364
0.999996
0.999603
0.690193
0.999996
0.999967
0.993161
0.999995
0.998935
0.990273
0.943742
0.999871
0.999972
0.993463
0.791431
0.999659
0.999961
0.999998
0.999733
0.999372
0.999970
0.969963
0.649138
0.870305
0.985900
0.950420
0.999928
0.584662
0.979001
0.937676
0.980596
0.996291
0.973798
0.608908
0.928405
0.999996
0.999892
0.993266
0.985367
0.999999
0.999999
0.929138
0.999999
0.991660
0.999971
0.448312
0.999923
0.997709
0.573450
0.999907
0.999902
0.999847
0.999983
0.999674
0.902178
0.999697
0.976384
1.000000
0.999919
0.999611
0.999989
0.964544
0.986750
0.996422
0.764358
0.997865
0.977801
0.999938
0.999949
0.942442
0.817317
0.999899
0.999795
0.645225
0.999993
0.968185
0.999884
0.999984
0.999752
0.999738
0.999991
0.752896
0.999413
0.984101
0.807556
0.999996
0.900231
0.999993
0.947620
0.999856
0.999524
0.999999
0.964620
0.999977
0.999735
0.999839
0.897027
0.999991
0.999994
0.999583
0.999980
0.747186
0.999986
0.961954
0.990682
0.735340
0.999949
0.999982
0.828732
0.999968
0.996774
0.999887
0.993764
0.999706
0.928003
0.849643
0.917504
0.960693
0.747006
0.874985
0.820651
0.999868
0.517647
0.999983
0.796072
0.999585
0.999995
0.999023
0.926666
0.999972
0.960630
0.973374
0.999967
0.999818
0.999708
0.677187
0.787851
0.950351
0.921340
0.957814
0.976685
0.619446
0.830031
0.999061
0.556517
0.678208
0.999015
0.999734
0.999981
0.925044
0.695007
0.981286
0.679873
0.996191
0.974575
0.999936
0.995253
0.344567
0.999902
0.984163
0.813634
0.950388
0.969134
0.974288
0.999953
0.733735
0.849782
0.998139
0.998348
0.924715
0.719582
0.993406
0.975071
0.999990
0.998852
0.978691
0.753695
0.507774
0.999816
0.981361
0.999909
0.999878
0.961772
0.903471
0.812763
0.997234
0.999899
0.999982
0.988648
0.993865
0.999041
0.960956
0.999944
0.994064
0.655450
0.991999
0.996044
0.957437
0.995571
0.442681
0.989282
0.999485
0.993436
0.566333
0.999924
0.999458
0.999986
0.999941
0.999990
0.999946
0.999975
0.999811
0.999969
0.999468
0.974785
0.855026
0.396026
0.999403
0.999725
0.615780
0.864404
0.999549
0.999973
0.957417
0.542868
1.000000
0.999816
0.999985
0.825630
0.856069
0.999860
0.999997
0.998267
0.998457
0.999798
0.993939
0.999496
0.998608
0.999980
0.999995
0.999942
0.999847
0.916719
0.999905
0.827836
0.999932
0.997290
0.999597
0.999920
0.996058
0.992593
0.983438
0.999907
0.998387
0.971256
0.979305
0.999706
0.997660
0.999974
0.999730
0.999996
0.999863
0.999854
0.983385
0.999865
0.999974
0.948200
0.999996
0.999768
0.999990
0.784960
0.999845
0.866143
0.896092
0.999807
0.999935
0.999995
0.981044
0.999949
0.988435
0.999959
0.994199
0.996922
0.995921
0.998550
0.806602
0.999988
0.998917
0.999665
0.995472
0.972426
0.999957
0.978898
0.999767
0.999978
0.630255
0.928666
0.827314
0.973619
0.999992
0.992920
0.995732
0.658406
0.843970
0.993259
0.961479
0.991420
0.976511
0.999709
0.597185
0.974151
0.999953
0.622298
0.998957
0.639282
0.999856
0.991139
0.998752
0.995772
0.431406
0.950142
0.964899
0.852895
0.455996
0.999874
0.837912
0.997062
0.994128
0.932498
0.967042
0.995608
0.376435
0.998355
0.999547
0.999323
0.985937
0.984149
0.753244
0.965518
0.986080
0.647569
0.999962
0.999708
0.994913
0.999969
0.979765
0.999073
0.998145
0.887385
0.999944
0.947449
0.591841
0.718816
0.894641
0.962555
0.754477
0.959410
0.756969
0.898278
0.680099
0.940221
0.996897
0.792632
0.934890
0.838125
0.913945
0.971023
0.997027
0.950380
0.994939
0.999969
0.999460
0.996355
0.976353
0.998448
0.807216
0.888898
0.998710
0.516611
0.901265
0.961344
0.749751
0.535288
0.945594
0.999285
0.994825
0.997715
0.841644
0.619322
0.733449
0.990987
0.981509
0.933066
0.714422
0.959601
0.997243
0.999942
0.996298
0.997556
0.964429
0.579631
0.970433
0.957591
0.922167
0.957540
0.896261
0.990694
0.999628
0.979620
0.735076
0.651604
0.892278
0.992760
0.603142
0.997856
0.902280
0.997397
0.992482
0.559036
0.997329
0.822248
0.995932
0.976032
0.998406
0.981990
0.999018
0.965154
0.632112
0.922727
0.629650
0.998937
0.994476
0.997383
0.987396
0.975780
0.933607
0.997454
0.708476
0.602258
0.935245
0.867070
0.937293
0.857196
0.998489
0.706313
0.924357
0.999802
0.999705
0.747638
0.772786
0.981682
0.517896
0.930170
0.904760
0.990089
0.995945
0.975974
0.999312
0.994066
0.819092
0.763132
0.688281
0.948456
0.829980
0.986003
0.999922
0.992689
0.921140
0.752630
0.844850
0.750180
0.733723
0.458344
0.900237
0.984954
0.749275
0.997813
0.991469
0.899173
0.999965
0.595911
0.982166
0.993677
0.966285
0.998787
0.825027
0.996436
0.822095
0.942514
0.804642
0.855801
0.764564
0.988514
0.494705
0.985860
0.950828
0.993225
0.745486
0.998507
0.991747
0.994377
0.999794
0.992855
0.679043
0.884001
0.732453
0.982652
0.974581
0.865356
0.920524
0.976767
0.961611
0.650495
0.994298
0.987776
0.895137
0.998148
0.994559
0.994478
0.998610
0.997391
0.964702
0.783874
0.974027
0.977681
0.878680
0.537813
0.914361
0.984439
0.958934
0.938361
0.984047
0.973273
0.775929
0.976979
0.936356
0.999865
0.954659
0.981900
0.851978
0.884146
0.991462
0.993961
0.993147
0.860393
0.968169
0.984265
0.982514
0.954479
0.999468
0.976661
0.854883
0.982935
0.999730
0.716477
0.848721
0.675063
0.685899
0.751207
0.965888
0.483786
0.644074
0.978181
0.999983
0.947733
0.999145
0.971224
0.947039
0.999513
0.835084
0.885607
0.940991
0.992884
