0.999966
0.610578
0.667307
0.710219
0.953261
0.995800
0.634916
0.956722
1.000000
0.998819
0.983034
0.575419
0.984677
0.998119
0.999953
0.980724
0.973636
0.985110
0.904503
0.542401
0.999983
0.740096
0.999843
1.000000
1.000000
1.000000
0.793041
0.994898
1.000000
0.999968
1.000000
0.987001
0.998383
0.999759
0.999895
0.999710
0.372459
0.718405
0.999218
0.943573
0.994778
0.982169
0.999971
0.921403
0.990620
0.996971
0.997098
0.992030
0.990767
0.999980
0.999860
0.877612
0.843912
0.956039
1.000000
0.999942
0.846178
0.543085
0.999988
1.000000
0.999943
0.989949
0.894406
0.987350
0.684536
0.928807
1.000000
0.985900
0.999917
0.999970
0.623228
1.000000
0.968397
0.634534
0.997387
0.999997
0.514684
0.999299
0.999860
1.000000
0.999996
0.999799
0.756511
0.669134
0.701938
1.000000
0.999908
0.999983
0.999939
1.000000
0.996351
0.343325
1.000000
1.000000
0.999987
1.000000
0.999990
0.576664
0.999983
0.999999
0.994104
0.998968
0.978520
0.999997
0.995243
1.000000
0.990792
1.000000
0.997671
0.999994
0.999727
1.000000
0.822466
0.794193
0.997986
0.999007
0.999984
0.846904
1.000000
1.000000
0.999777
0.879527
0.999810
0.999999
0.920372
0.971446
0.947174
0.999995
0.747917
0.998207
0.994893
0.994556
0.616691
0.998281
0.973317
1.000000
0.999953
1.000000
0.971409
1.000000
0.999438
0.972665
0.762117
0.997248
1.000000
0.999864
0.999806
0.929640
0.804344
0.904472
0.999734
1.000000
0.987960
0.612191
1.000000
0.999969
0.778857
1.000000
1.000000
0.855011
0.808607
1.000000
0.633955
0.528488
0.999037
1.000000
1.000000
0.995660
0.987818
0.999999
0.999997
0.999876
1.000000
0.996146
0.908539
0.999999
0.997708
0.898043
0.984274
0.999993
0.653180
0.999992
0.999960
1.000000
0.928465
0.999671
0.987738
1.000000
0.987682
0.938065
0.558989
0.999814
0.625100
1.000000
1.000000
0.898519
0.827194
0.999475
0.999997
0.999875
0.932712
0.543157
0.955842
1.000000
0.999992
0.984340
0.511078
0.981227
0.774983
0.999854
0.998450
0.999982
0.994223
0.900568
0.999998
0.992743
0.999996
0.998214
0.999852
1.000000
0.999395
0.998617
0.959349
0.915261
0.767051
1.000000
0.999954
0.998601
0.685438
0.580397
1.000000
0.999331
1.000000
0.996262
0.999972
0.998427
0.487201
0.726393
0.999883
0.999997
0.999999
0.889818
0.930218
0.819003
0.999159
0.999789
1.000000
1.000000
0.999873
1.000000
0.894673
0.999875
0.999957
0.960103
1.000000
1.000000
1.000000
0.976184
0.794059
0.984343
0.782097
0.992297
0.456381
0.981846
1.000000
0.999667
0.999990
1.000000
1.000000
0.999959
0.949497
1.000000
1.000000
0.967660
1.000000
0.974281
0.977717
0.881389
0.964275
0.999543
0.997327
0.999977
0.999126
0.623788
0.957032
0.996970
1.000000
0.999136
0.831700
1.000000
0.429277
0.999823
0.811083
0.999801
0.999912
0.748906
0.985297
0.968734
1.000000
0.999979
0.999942
0.996352
0.982437
0.632209
0.998710
0.999700
1.000000
0.857654
0.999938
0.991565
0.999731
0.861894
0.566573
1.000000
1.000000
0.969927
0.999963
0.962110
1.000000
0.965338
0.871190
0.999913
0.995909
1.000000
0.942138
0.946714
0.999974
0.471916
1.000000
1.000000
0.839880
0.658393
0.992302
0.621583
1.000000
0.906026
1.000000
1.000000
0.999882
0.489496
1.000000
0.995017
0.999989
0.997306
1.000000
0.999805
1.000000
0.979850
0.925618
0.999171
0.836755
1.000000
0.977960
0.997151
0.999971
0.997428
0.999823
0.559062
0.999959
0.527952
0.985451
0.995911
1.000000
0.898593
0.964391
0.997328
0.999994
0.298927
0.866355
0.978166
0.968001
0.999944
1.000000
0.999998
0.999987
0.964928
1.000000
0.999270
0.999813
1.000000
1.000000
0.872501
1.000000
1.000000
0.999999
0.975483
0.973890
0.998650
0.998248
0.843712
0.999999
0.959572
0.999592
0.796945
0.764091
0.947744
0.999946
0.711780
0.676177
0.611611
0.999868
0.984848
0.999994
0.904002
1.000000
0.999985
0.860383
0.991031
0.903840
0.991625
0.903955
0.936570
0.999769
0.999986
0.912196
1.000000
1.000000
1.000000
1.000000
0.999726
0.764877
0.999998
0.790287
0.971014
1.000000
0.999949
1.000000
0.999973
1.000000
1.000000
0.999994
1.000000
0.999988
0.932635
0.993549
0.985538
0.972201
1.000000
0.999714
0.881330
0.999992
1.000000
0.933774
0.962215
0.999928
0.999212
0.997629
1.000000
0.540497
1.000000
1.000000
0.876664
0.726828
0.740940
0.999100
1.000000
0.999704
0.833760
0.995342
0.553004
0.946938
0.431552
0.984169
0.620742
0.980765
0.877106
1.000000
0.997143
1.000000
0.982395
0.999982
0.940757
1.000000
0.999995
0.999725
1.000000
0.975441
0.999992
0.955226
1.000000
0.500064
0.997456
0.987870
0.999421
0.992192
0.999999
0.813408
0.999999
1.000000
0.906894
1.000000
0.999248
0.637503
0.999997
1.000000
0.998506
0.999999
0.647104
0.994280
1.000000
0.721075
1.000000
0.898371
0.987276
0.999669
0.834516
0.999801
0.997909
1.000000
1.000000
0.584848
0.999927
0.991470
1.000000
0.918243
1.000000
0.608581
0.881534
0.996763
0.920847
0.980364
0.977929
0.889478
0.999999
0.999855
0.999995
0.756700
0.959238
1.000000
0.807451
0.989918
0.999872
0.999921
0.609625
0.912181
0.851508
0.997977
1.000000
0.623356
1.000000
0.999612
0.999832
0.999999
0.965481
0.999261
0.999998
0.442940
0.387800
0.999784
0.805984
1.000000
0.604616
0.618393
0.582875
0.999997
0.969555
1.000000
1.000000
1.000000
0.822170
0.990466
0.980438
0.998858
1.000000
0.992897
0.895258
0.981918
0.973860
0.933575
0.776886
0.489152
0.999942
0.999975
0.807574
0.972470
0.999994
0.998273
0.979765
0.999999
0.882641
0.998249
0.553899
0.984445
0.999867
0.531306
0.999111
0.999970
0.999505
1.000000
0.994933
0.888942
1.000000
0.966538
1.000000
0.998638
1.000000
0.999639
1.000000
0.996688
1.000000
0.972805
0.987036
0.945559
0.999971
0.665643
0.995849
0.998736
0.999967
0.886531
0.892802
1.000000
0.999517
0.956396
0.999999
0.999928
1.000000
0.999994
0.998159
0.996003
0.997493
0.494457
0.999995
0.999003
0.999974
0.999044
0.986310
0.999991
0.999956
0.998673
0.999618
1.000000
0.513078
1.000000
0.999929
1.000000
0.839228
0.506284
0.721905
1.000000
0.992693
1.000000
0.543285
0.996986
1.000000
0.885896
0.999999
0.991518
1.000000
0.941064
0.999340
0.863503
0.887140
0.611305
0.960930
0.565111
0.519555
0.985860
0.987269
0.662393
0.993417
0.999956
0.948450
1.000000
0.999925
0.978563
0.999446
0.998100
0.969238
0.924643
0.999893
0.999982
0.998177
0.999260
0.856122
0.996908
0.999761
0.695960
0.999703
0.998608
1.000000
0.986891
0.985285
0.998029
0.968311
0.998722
0.999568
0.902235
0.999351
0.999935
0.833109
0.937874
0.999995
0.646216
0.999965
0.990313
0.999568
0.943780
0.700182
0.917140
0.987938
1.000000
0.998320
0.446218
0.999990
0.999650
1.000000
0.999080
0.882448
0.976881
0.960295
1.000000
1.000000
0.994837
0.999939
0.999874
0.869405
0.999995
0.998663
0.888970
0.999946
0.969053
0.937397
0.988590
0.989118
0.998966
0.650811
0.999999
1.000000
0.999992
0.999541
1.000000
0.985900
0.999999
0.999994
0.978657
0.999994
1.000000
0.682337
0.449659
0.999996
1.000000
0.894772
0.873071
0.955664
0.999962
0.998770
0.629134
0.794215
0.999990
0.999975
0.999632
0.645375
0.892415
1.000000
0.999995
1.000000
0.989696
1.000000
0.975225
1.000000
0.957918
0.999946
0.999998
0.999764
0.999653
0.771031
0.997350
0.665383
0.999994
0.948043
0.999998
0.999740
0.979769
0.948076
0.998550
0.548834
0.999878
0.999458
0.790571
0.672134
0.999989
0.999999
1.000000
0.999990
1.000000
1.000000
0.954445
0.944279
1.000000
0.977283
0.991436
1.000000
0.999703
0.999720
0.775678
0.999930
0.961530
0.826133
0.538372
0.993571
1.000000
0.800301
0.958121
0.998253
0.932084
0.800828
0.999981
0.665719
0.995017
0.994904
0.991457
0.939020
0.512626
1.000000
1.000000
0.999753
0.999995
0.999997
0.928440
0.920023
0.998359
0.533092
0.988288
0.891984
0.999975
0.839213
0.997629
0.999836
0.905982
0.818951
0.922075
0.924648
0.562345
0.999492
0.999997
0.883100
0.999647
0.906330
0.999995
0.994075
0.994764
0.982593
0.999650
0.999997
0.966114
0.573542
0.990085
0.979214
0.739970
0.999999
0.786548
0.998792
0.906462
0.967941
0.999505
0.765750
0.938842
0.999992
0.738168
0.982592
0.917610
0.957455
0.889643
0.985451
0.733872
0.969865
0.989658
0.998373
0.967555
0.942793
0.992375
0.999951
0.942056
0.997803
0.837740
0.998337
0.999231
0.916786
0.613710
0.961987
1.000000
0.831309
0.622878
0.966638
0.868138
0.995254
0.742491
0.995839
0.960826
0.881935
0.999943
0.985464
0.510817
0.954151
0.994429
0.998089
0.997544
0.765101
0.982456
0.993490
0.898327
0.589786
0.928251
0.999275
0.997033
0.753938
1.000000
0.988183
0.869614
0.970359
0.886438
0.929690
0.526049
0.717157
0.974474
0.990201
1.000000
0.914267
0.981551
0.993914
0.997126
0.976712
0.971814
0.963678
0.998786
0.967816
0.991934
0.943081
0.991734
0.722549
0.996398
0.808718
0.999924
0.720438
0.515648
0.963947
0.965254
0.721263
0.999200
0.797873
0.556391
0.479495
0.995622
0.828077
0.813525
0.684697
0.838524
1.000000
0.797575
0.981719
0.908422
1.000000
0.590021
0.854198
0.969564
0.989318
0.953123
0.736736
0.430706
0.999689
0.907494
0.660559
0.771275
0.779559
0.832240
0.820980
0.944739
0.992673
1.000000
1.000000
0.983685
0.919777
0.899249
0.946102
0.974485
0.867322
0.642912
0.963198
0.566147
0.985967
0.826554
0.999441
0.980305
0.993574
0.964257
0.868106
0.660258
0.981599
0.998187
0.999995
0.470969
0.584597
0.902734
0.980448
1.000000
0.810315
0.973084
0.886069
0.926601
0.978415
0.841535
0.938058
0.995018
0.998040
0.949259
0.832180
0.999824
0.953117
0.955996
0.762785
0.840770
0.636792
0.718674
0.976750
0.422169
0.997651
0.955878
0.994901
0.977379
0.967073
0.868901
0.537377
0.992156
0.737754
0.993899
0.791754
0.986009
0.553998
0.866756
0.957315
0.863693
0.967163
0.983122
0.999998
0.766024
0.999280
0.662969
0.995002
0.998617
0.890252
0.924879
0.907840
0.984089
0.780790
0.999972
0.922896
0.949469
0.644159
0.999939
0.873178
0.857525
0.976196
0.987382
0.760591
0.999198
0.537274
0.959385
0.383148
0.999548
0.647782
0.965897
0.894880
0.876682
0.934524
0.999256
0.999888
0.852154
0.673914
0.989047
0.863092
0.906050
0.999988
0.999545
0.997629
0.982110
0.496387
1.000000
0.992807
0.537083
0.883380
0.987005
0.978967
0.794260
0.997992
0.781635
0.922207
0.913507
0.959030
0.871370
0.986224
0.998741
0.915031
0.648344
0.999995
0.842915
0.961306
0.773499
0.969517
0.944702
0.601138
0.712915
0.919354
0.812619
0.788136
