0.937737
0.865026
0.680269
0.922265
0.362056
0.940760
0.923345
0.930010
0.898706
0.773513
0.948058
0.935983
0.938137
0.742552
0.923652
0.643957
0.658332
0.717669
0.818210
0.792284
0.935332
0.906667
0.927454
0.872036
0.940610
0.899216
0.927213
0.906217
0.939196
0.941402
0.889626
0.947556
0.922618
0.929232
0.932855
0.945250
0.927240
0.795466
0.836189
0.926044
0.926832
0.670229
0.882595
0.942893
0.921047
0.932223
0.746624
0.928882
0.943216
0.924827
0.625491
0.751895
0.920355
0.939644
0.768791
0.874524
0.937351
0.928237
0.889369
0.913583
0.870300
0.935699
0.938264
0.940394
0.890227
0.279044
0.914845
0.428787
0.917779
0.943152
0.878797
0.943112
0.941045
0.939054
0.932792
0.904311
0.887824
0.930038
0.937423
0.596026
0.918738
0.935132
0.932347
0.939057
0.885476
0.755941
0.930850
0.939861
0.918107
0.554192
0.886824
0.915700
0.931926
0.904078
0.934702
0.907691
0.923618
0.888643
0.931381
0.849867
0.944525
0.919159
0.930326
0.911404
0.884355
0.748104
0.932694
0.903143
0.695610
0.814827
0.917798
0.929319
0.647835
0.499385
0.931042
0.811542
0.938890
0.959820
0.891584
0.410709
0.931522
0.936485
0.935197
0.902249
0.869858
0.878205
0.939781
0.877463
0.942386
0.806179
0.932824
0.903641
0.912517
0.942699
0.944016
0.821934
0.967318
0.935292
0.939280
0.923472
0.389399
0.892736
0.912758
0.915704
0.928754
0.871212
0.738283
0.843345
0.942162
0.892374
0.876162
0.936426
0.869600
0.925733
0.933012
0.845400
0.831089
0.431816
0.748340
0.929633
0.637855
0.932383
0.921515
0.940309
0.934684
0.927376
0.935241
0.951551
0.927380
0.945582
0.644805
0.888250
0.623175
0.941376
0.905893
0.876980
0.615763
0.915031
0.940608
0.506183
0.937122
0.930750
0.944027
0.823379
0.832714
0.368361
0.925409
0.934143
0.927645
0.582430
0.649051
0.932767
0.919703
0.920914
0.928952
0.919370
0.896910
0.924405
0.931470
0.778469
0.950018
0.943376
0.935205
0.925887
0.926561
0.652106
0.846405
0.448290
0.852451
0.935150
0.934872
0.927237
0.877613
0.805064
0.927025
0.928669
0.936067
0.924076
0.931215
0.925677
0.914377
0.738001
0.926822
0.940279
0.801785
0.837975
0.895026
0.931837
0.944693
0.935606
0.929759
0.932598
0.929731
0.929947
0.878057
0.598688
0.615027
0.911450
0.937771
0.940756
0.870344
0.918574
0.936983
0.914072
0.930454
0.930596
0.918790
0.920822
0.931254
0.875752
0.917010
0.935387
0.929266
0.935398
0.563056
0.731585
0.926458
0.877207
0.714016
0.914565
0.923859
0.923374
0.926242
0.927561
0.937281
0.812276
0.926393
0.758884
0.935784
0.950949
0.570039
0.952998
0.931664
0.878313
0.826652
0.916804
0.927652
0.764379
0.887016
0.922811
0.911309
0.926737
0.941510
0.930308
0.594273
0.791409
0.931109
0.914365
0.874501
0.937650
0.930602
0.925809
0.905809
0.909638
0.930671
0.928643
0.914358
0.875790
0.916877
0.858597
0.928513
0.934573
0.936381
0.881776
0.933882
0.667138
0.899744
0.941627
0.909051
0.929031
0.888928
0.917979
0.634485
0.939042
0.883386
0.946081
0.924997
0.864178
0.938243
0.935115
0.935825
0.570212
0.771769
0.930187
0.717727
0.935547
0.480126
0.936325
0.868924
0.608701
0.884299
0.644518
0.933177
0.756143
0.927240
0.937444
0.893576
0.530036
0.936431
0.938089
0.927136
0.926592
0.920238
0.821543
0.950986
0.889661
0.781021
0.821721
0.942326
0.872389
0.912600
0.941217
0.928225
0.891306
0.569756
0.807360
0.926213
0.923941
0.943479
0.671251
0.920595
0.924047
0.926339
0.829896
0.917732
0.505899
0.915280
0.938601
0.924740
0.738861
0.934205
0.836764
0.908580
0.938958
0.944337
0.820240
0.932210
0.938089
0.941871
0.879580
0.922180
0.933659
0.942399
0.928547
0.936624
0.931562
0.815972
0.923504
0.911047
0.908422
0.929062
0.811929
0.942138
0.930538
0.915766
0.805870
0.923761
0.927738
0.816862
0.934172
0.795618
0.919786
0.885100
0.925897
0.869007
0.887403
0.935997
0.933704
0.933379
0.912795
0.932909
0.651474
0.804115
0.940808
0.854918
0.915949
0.944738
0.939541
0.930853
0.941250
0.804237
0.929576
0.937512
0.922745
0.904218
0.921793
0.361752
0.815883
0.922370
0.739482
0.928222
0.904495
0.855423
0.932813
0.945553
0.662092
0.723179
0.925117
0.932473
0.911150
0.882846
0.928851
0.575287
0.919068
0.928415
0.932714
0.687055
0.905265
0.943470
0.937335
0.541237
0.497459
0.620022
0.923591
0.888789
0.866938
0.917211
0.871382
0.935784
0.926874
0.894945
0.760969
0.940608
0.426570
0.917560
0.934736
0.945899
0.942203
0.838260
0.546670
0.718961
0.793542
0.923825
0.527435
0.741124
0.879023
0.870327
0.918901
0.917983
0.937407
0.613820
0.927159
0.937190
0.854979
0.931114
0.944395
0.763488
0.917453
0.934888
0.936641
0.921349
0.561923
0.441575
0.928886
0.917790
0.942007
0.876128
0.582948
0.871862
0.937214
0.750286
0.936707
0.944251
0.942219
0.936167
0.494491
0.939553
0.929947
0.924596
0.929194
0.911630
0.921339
0.904011
0.938856
0.909784
0.877801
0.720277
0.932468
0.925660
0.845028
0.809624
0.950197
0.902988
0.918659
0.915941
0.926947
0.863877
0.919933
0.945447
0.933205
0.924481
0.638633
0.937344
0.947821
0.864058
0.691354
0.934754
0.857799
0.813556
0.818684
0.938504
0.489428
0.947913
0.579474
0.737384
0.922485
0.938542
0.821418
0.954160
0.943207
0.919447
0.932536
0.846368
0.722768
0.909057
0.937476
0.938386
0.847596
0.923462
0.897794
0.935265
0.910776
0.353249
0.882636
0.935496
0.932449
0.928136
0.799519
0.941163
0.938750
0.908459
0.926856
0.923230
0.931993
0.932155
0.902706
0.526156
0.927633
0.930173
0.925217
0.939017
0.920456
0.891854
0.935286
0.929133
0.938832
0.869423
0.522680
0.924985
0.938698
0.922678
0.873125
0.746939
0.931085
0.912339
0.930631
0.624111
0.941840
0.623817
0.938904
0.931491
0.635507
0.936759
0.756290
0.948127
0.933048
0.931206
0.486180
0.934658
0.935205
0.922792
0.795249
0.471789
0.948806
0.867467
0.874576
0.951109
0.740517
0.929250
0.911429
0.912043
0.897437
0.609803
0.928344
0.932176
0.930323
0.929865
0.938614
0.934159
0.944180
0.806023
0.938942
0.919652
0.931612
0.864988
0.933524
0.930748
0.940796
0.932591
0.931486
0.930535
0.916289
0.938558
0.924972
0.583184
0.412481
0.689210
0.806251
0.852359
0.921712
0.526095
0.931243
0.921800
0.864956
0.945996
0.945051
0.885556
0.926561
0.906131
0.936930
0.738725
0.697451
0.931003
0.925743
0.744202
0.658873
0.905260
0.749683
0.907690
0.836117
0.795085
0.935956
0.800698
0.926494
0.934921
0.936338
0.410322
0.929974
0.907390
0.501555
0.923403
0.886791
0.925413
0.923107
0.848303
0.916738
0.894242
0.540508
0.877838
0.920759
0.371085
0.920042
0.828236
0.935467
0.934343
0.911183
0.912612
0.823427
0.924181
0.800585
0.511081
0.930367
0.851853
0.933831
0.919201
0.919302
0.730819
0.890509
0.838221
0.929849
0.925652
0.883346
0.911639
0.950455
0.916945
0.907136
0.806258
0.904134
0.842910
0.696808
0.890447
0.919347
0.915398
0.918241
0.853093
0.829259
0.914481
0.858138
0.933990
0.930027
0.936125
0.925370
0.919011
0.930653
0.916681
0.931431
0.936582
0.872406
0.459640
0.934303
0.930467
0.504526
0.872339
0.922982
0.915654
0.493134
0.774069
0.919191
0.925131
0.932139
0.463404
0.883305
0.928490
0.926944
0.928056
0.935373
0.947119
0.792324
0.929717
0.925971
0.884249
0.955019
0.927969
0.941575
0.936876
0.930145
0.950792
0.924762
0.865845
0.928668
0.922066
0.957491
0.900184
0.927047
0.866970
0.910359
0.941841
0.652076
0.943009
0.933178
0.937753
0.926902
0.929685
0.933165
0.896866
0.886246
0.936302
0.933904
0.620210
0.936763
0.941758
0.911592
0.839273
0.938127
0.925540
0.899689
0.831506
0.710965
0.888615
0.943748
0.813589
0.927918
0.929866
0.930836
0.925174
0.818133
0.936551
0.926906
0.922094
0.939675
0.769220
0.935782
0.912077
0.845214
0.925912
0.935401
0.936661
0.821244
0.931802
0.943226
0.759143
0.468782
0.780603
0.940399
0.941485
0.918071
0.694852
0.831424
0.759438
0.877086
0.895770
0.911720
0.447980
0.590942
0.926328
0.578042
0.932956
0.903081
0.936100
0.937663
0.735587
0.932420
0.474132
0.728411
0.794894
0.906877
0.744619
0.946665
0.863595
0.888556
0.903673
0.843263
0.939521
0.933079
0.798953
0.867694
0.379075
0.935843
0.821014
0.912585
0.460916
0.677017
0.883766
0.783404
0.823340
0.602027
0.758573
0.910659
0.890886
0.923369
0.813868
0.703551
0.914672
0.892979
0.916653
0.935595
0.883664
0.685885
0.589296
0.889268
0.694794
0.875452
0.811357
0.759986
0.844578
0.318671
0.887922
0.512808
0.581681
0.922013
0.896254
0.794385
0.927006
0.821897
0.905704
0.874449
0.918869
0.502272
0.827937
0.860219
0.828954
0.919491
0.873288
0.792381
0.850202
0.893841
0.872113
0.531873
0.390079
0.684519
0.726769
0.901285
0.823276
0.898692
0.891759
0.808370
0.614347
0.835812
0.793325
0.804118
0.682148
0.722896
0.911653
0.858700
0.915765
0.913069
0.870103
0.812222
0.894780
0.651789
0.857142
0.907235
0.941236
0.882649
0.890291
0.865466
0.888456
0.667603
0.867467
0.681771
0.876000
0.881163
0.499204
0.783155
0.499554
0.503285
0.945168
0.798988
0.774318
0.746604
0.452946
0.929846
0.820244
0.920214
0.917580
0.453749
0.626966
0.763422
0.762430
0.885804
0.924378
0.815637
0.710487
0.794190
0.648362
0.868957
0.619516
0.674754
0.754056
0.927479
0.912862
0.686306
0.859654
0.926240
0.875209
0.819674
0.791458
0.886325
0.838798
0.399386
0.784462
0.854186
0.869776
0.909915
0.938352
0.875385
0.767069
0.901763
0.938401
0.594217
0.774550
0.914118
0.911264
0.883983
0.902710
0.932977
0.721258
0.888236
0.849531
0.514844
0.894724
0.924361
0.888722
0.741254
0.681468
0.718526
0.854243
0.858539
0.898194
0.752543
0.847982
0.429905
0.917192
0.819108
0.480343
0.922065
0.842128
0.815855
0.750143
0.857227
0.705432
0.734351
0.536655
0.821488
0.709110
0.929098
0.877188
0.825233
0.904523
0.943780
0.943098
0.920584
0.715030
0.924982
0.527240
0.934037
0.869065
0.870186
0.644009
0.913858
0.870984
0.914807
0.887027
0.853171
0.873862
0.828733
0.828179
0.837406
0.475877
0.890592
0.675632
0.695192
0.695471
0.900257
0.914863
0.611870
0.725503
0.665796
0.938199
0.637536
0.933299
0.821332
0.859138
0.893100
0.539940
0.266171
0.915134
0.890066
0.888919
0.521247
0.702268
0.936250
0.887986
0.383764
0.805490
0.901996
0.928563
0.829548
0.893548
0.881084
0.846160
0.842412
0.784534
0.659122
0.766851
0.554720
0.848876
0.916305
0.858468
0.887981
0.657564
0.939469
0.884342
0.796073
0.860119
0.736297
0.924277
0.768748
0.632083
0.876793
0.555405
0.711390
