0.573911
0.453858
0.481017
0.334545
0.796296
0.891757
0.810289
0.756495
0.392030
0.705096
0.488847
0.408631
0.790861
0.838816
0.422922
0.549647
0.483883
0.395458
0.821614
0.440619
0.918171
0.488023
0.870627
0.515019
0.896034
0.713274
0.532070
0.493327
0.557880
0.617929
0.523361
0.781567
0.429869
0.234384
0.892421
0.341719
0.667208
0.616958
0.342638
0.359191
0.610647
0.264042
0.818482
0.804953
0.926831
0.425014
0.345733
0.389345
0.922081
0.808061
0.467814
0.628386
0.963623
0.609116
0.818345
0.484050
0.821969
0.492230
0.700678
0.384863
0.573833
0.597314
0.588894
0.417965
0.477160
0.556059
0.347931
0.382578
0.451519
0.915887
0.672651
0.337720
0.312473
0.476308
0.431286
0.566405
0.840104
0.970237
0.687260
0.649690
0.597732
0.376202
0.563765
0.522494
0.264748
0.489049
0.404936
0.463377
0.450789
0.342575
0.503820
0.387839
0.308044
0.476788
0.808754
0.662094
0.589693
0.876110
0.502375
0.843152
0.675530
0.463435
0.830213
0.327382
0.688128
0.362678
0.635843
0.527706
0.874450
0.631473
0.766596
0.655134
0.655612
0.739369
0.605553
0.476271
0.658733
0.682416
0.599504
0.511614
0.817628
0.394876
0.476995
0.401572
0.586591
0.871812
0.685834
0.429450
0.749582
0.372756
0.295202
0.893689
0.815326
0.611285
0.371495
0.301808
0.237888
0.704720
0.464961
0.722786
0.696568
0.759501
0.652319
0.870799
0.487252
0.676432
0.731130
0.519679
0.359298
0.437883
0.776939
0.233260
0.589455
0.575777
0.563027
0.271599
0.542422
0.599868
0.491382
0.375554
0.770291
0.803755
0.482403
0.552667
0.454643
0.413854
0.465481
0.458452
0.397577
0.544444
0.928797
0.641001
0.704971
0.360258
0.383640
0.561273
0.740193
0.543461
0.558764
0.962138
0.576341
0.674539
0.617954
0.380507
0.436090
0.373966
0.904932
0.554623
0.278479
0.808612
0.342277
0.734511
0.806534
0.339229
0.872436
0.812963
0.530224
0.465773
0.669903
0.433954
0.451821
0.567071
0.498891
0.410590
0.438341
0.701268
0.738848
0.480603
0.752659
0.774479
0.424026
0.695967
0.658297
0.629310
0.650577
0.816977
0.827872
0.541299
0.464150
0.699367
0.721025
0.660806
0.605437
0.661112
0.547457
0.911471
0.661864
0.836691
0.442577
0.745945
0.885268
0.748383
0.852772
0.698005
0.469494
0.443003
0.608938
0.645590
0.951499
0.359458
0.349987
0.751085
0.421132
0.410959
0.931580
0.588052
0.507537
0.243704
0.491088
0.951535
0.489990
0.487299
0.307827
0.532053
0.468240
0.266279
0.548150
0.681814
0.689904
0.291236
0.802268
0.645577
0.764912
0.458548
0.805419
0.554765
0.865138
0.448533
0.288809
0.428202
0.567907
0.531853
0.892879
0.521672
0.938875
0.875721
0.907851
0.712467
0.863924
0.656130
0.556385
0.686323
0.589758
0.592859
0.775515
0.646424
0.688332
0.686141
0.349843
0.441486
0.765281
0.265367
0.768542
0.514165
0.769013
0.866637
0.494838
0.425408
0.746439
0.621486
0.509736
0.857989
0.717794
0.378393
0.827348
0.331457
0.294624
0.363175
0.347664
0.667401
0.261888
0.607315
0.982093
0.846403
0.568581
0.528366
0.451777
0.802021
0.888305
0.595090
0.677673
0.297544
0.397494
0.906551
0.632459
0.246577
0.666892
0.328480
0.848916
0.566543
0.220008
0.644881
0.574025
0.986401
0.634615
0.352476
0.461500
0.675302
0.455654
0.310622
0.718692
0.563887
0.337806
0.535026
0.436004
0.433086
0.425006
0.551084
0.491461
0.838455
0.374126
0.606442
0.514288
0.446565
0.592355
0.329095
0.698768
0.733943
0.572450
0.574497
0.287880
0.650087
0.445761
0.455105
0.454444
0.379815
0.485386
0.345879
0.771288
0.673036
0.746889
0.519074
0.321019
0.700465
0.351089
0.859450
0.591605
0.657524
0.786918
0.897669
0.762616
0.751269
