0.946765
0.902131
0.951308
0.629082
0.735538
0.694543
0.624566
0.514103
0.586060
0.645091
0.598846
0.779057
0.836516
0.797281
0.567673
0.905967
0.876408
0.800226
0.618348
0.654895
0.716826
0.831744
0.462809
0.744491
0.862787
0.940302
0.559188
0.802666
0.624582
0.707266
0.596240
0.878628
0.610738
0.650164
0.794085
0.679862
0.664938
0.689237
0.641476
0.873232
0.584444
0.762434
0.918335
0.426159
0.426940
0.619925
0.624554
0.818309
0.810877
0.492534
0.607024
0.965770
0.682456
0.682703
0.832431
0.549895
0.768527
0.811488
0.692923
0.631362
0.881176
0.501799
0.748397
0.676628
0.497843
0.886800
0.941073
0.450470
0.598118
0.773124
0.492311
0.969748
0.511410
0.497817
0.603518
0.448857
0.570131
0.504880
0.872335
0.446185
0.530697
0.853460
0.710297
0.584276
0.572486
0.732997
0.822913
0.785293
0.852855
0.537900
0.923488
0.686059
0.817456
0.854507
0.443006
0.837278
0.827509
0.740594
0.866296
0.712366
0.566745
0.786371
0.496380
0.518932
0.398855
0.527056
0.494935
0.637297
0.658754
0.896835
0.549683
0.583870
0.604509
0.642808
0.842001
0.538478
0.700860
0.515129
0.849026
0.715427
0.593687
0.386368
0.586319
0.578958
0.764737
0.763267
0.909167
0.591389
0.824925
0.442240
0.899096
0.459694
0.659359
0.450406
0.481578
0.543755
0.518765
0.775261
0.574921
0.540813
0.938511
0.935850
0.646442
0.825580
0.624259
0.353675
0.748960
0.935179
0.447128
0.465492
0.806163
0.519798
0.774593
0.411300
0.465949
0.415867
0.860707
0.383974
0.630673
0.688797
0.843691
0.414089
0.546195
0.414328
0.875280
0.684002
0.720785
0.851052
0.551571
0.729126
0.686707
0.645386
0.979562
0.828528
0.783879
0.521748
0.603279
0.650656
0.825564
0.688090
0.512171
0.775558
0.731937
0.612983
0.527340
0.791590
0.517350
0.891172
0.556610
0.592573
0.792543
0.509059
0.860741
0.773342
0.479040
0.958606
0.540177
0.581982
0.631073
0.899074
0.584067
0.884500
0.737221
0.775283
0.758410
0.499954
0.464001
0.432870
0.821315
0.727394
0.946112
0.646429
0.769662
0.930296
0.843013
0.785982
0.881054
0.460079
0.884708
0.673049
0.635864
0.775214
0.784674
0.885060
0.826837
0.491708
0.826090
0.751304
0.918791
0.454332
0.409292
0.931084
0.631495
0.796166
0.593227
0.836450
0.819723
0.894336
0.579601
0.631691
0.678002
0.787962
0.869155
0.793748
0.911110
0.545506
0.848888
0.555805
0.663584
0.768391
0.807819
0.494444
0.948973
0.552147
0.599031
0.635028
0.492541
0.540309
0.664740
0.734577
0.624122
0.541651
0.789409
0.528238
0.835496
0.881036
0.669650
0.697891
0.928793
0.524544
0.719519
0.582662
0.887853
0.532900
0.654361
0.600802
0.339214
0.922672
0.593630
0.655115
0.855836
0.911988
0.735833
0.937948
0.914910
0.968760
0.908939
0.454247
0.971368
0.656881
0.871180
0.674270
0.639553
0.902257
0.712479
0.605648
0.503588
0.757807
0.761667
0.685217
0.415181
0.632492
0.984130
0.758438
0.336757
0.709783
0.949769
0.880832
0.864168
0.499835
0.702001
0.727312
0.841428
0.894739
0.734201
0.631898
0.472841
0.556574
0.943885
0.556361
0.488715
0.620206
0.690698
0.673054
0.858180
0.506779
0.599251
0.461911
0.431000
0.563525
0.886841
0.932346
0.840492
0.594371
0.583834
0.587870
0.799967
0.945445
0.875134
0.525978
0.867335
0.960995
0.890769
0.481992
0.999570
0.893823
0.557078
0.743470
0.935465
0.913071
0.516984
0.866065
0.997132
0.518698
0.496623
0.832925
0.988846
0.776245
0.506962
0.398701
0.533433
0.589956
0.887619
0.775079
0.875955
0.580283
0.349636
0.481181
0.921881
0.967821
0.979355
0.946932
0.953790
0.831055
0.866582
0.974038
0.841325
0.584761
0.689740
0.916821
0.600192
0.896827
0.465924
0.797152
0.656378
0.469586
0.859178
0.763090
0.679675
0.696293
0.917313
0.632343
0.550665
0.543107
0.383332
0.616704
0.915217
0.444135
0.866037
0.351738
0.535271
0.366659
0.637810
0.704828
0.410761
0.824288
0.756827
0.940191
0.488364
0.878167
0.576997
0.528910
0.774191
0.659891
0.895030
0.455189
0.694649
0.928473
0.598311
0.391552
0.896259
0.527363
0.917694
0.503545
0.860359
0.820995
0.830286
0.776377
