0.998690
0.907080
0.993112
0.619648
0.772055
0.820565
0.633061
0.388168
0.399922
0.940760
0.973994
0.999488
0.933557
0.996140
0.875324
0.967704
0.987722
0.776625
0.999149
0.999400
0.980184
0.995670
0.424406
0.607925
0.529683
0.378190
0.814742
0.825887
0.502158
0.532326
0.857422
0.521726
0.418602
0.850260
0.974989
0.776439
0.966049
0.999774
0.999202
0.998107
0.935923
0.478789
0.569055
0.931206
0.992319
0.973027
0.898007
0.506966
0.956034
0.877186
0.717765
0.952672
0.821802
0.951658
0.995089
0.925005
0.670571
0.997098
0.999790
0.963578
0.983882
0.914512
0.949317
0.999809
0.935132
0.945719
0.813368
0.999210
0.486088
0.977045
0.791273
0.392748
0.999934
0.829756
0.600022
0.761568
0.625520
0.993514
0.997325
0.994199
0.797722
0.612954
0.982089
0.743210
0.644058
0.366515
0.963538
0.819421
0.463861
0.994238
0.994799
0.684160
0.587356
0.838631
0.490860
0.573422
0.858447
0.533967
0.633894
0.516957
0.912477
0.686266
0.609143
0.805079
0.626137
0.999917
0.602571
0.625761
0.828697
0.936299
0.564317
0.903787
0.659685
0.831466
0.999827
0.999866
0.991454
0.965698
0.562905
0.533610
0.785167
0.965825
0.432368
0.441837
0.484796
0.963647
0.430415
0.592794
0.308475
0.340071
0.609934
0.544014
0.434637
0.458215
0.594728
0.836565
0.862087
0.830269
0.961196
0.801241
0.637849
0.781999
0.916212
0.562402
0.606923
0.415566
0.817819
0.547624
0.872473
0.962596
0.879382
0.944868
0.861575
0.862165
0.731820
0.884582
0.409826
0.728037
0.848564
0.785044
0.931804
0.910242
0.944515
0.566288
0.818461
0.742145
0.731811
0.689048
0.768444
0.807876
0.682772
0.476243
0.706205
0.473458
0.894388
0.695380
0.618280
0.624186
0.800173
0.694463
0.725197
0.598056
0.781222
0.833653
0.882484
0.492253
0.996310
0.814603
0.756493
0.686705
0.515373
0.627828
0.604734
0.724803
0.759810
0.676028
0.815791
0.684271
0.615945
0.779010
0.558592
0.642973
0.738604
0.556795
0.498265
0.521899
0.699934
0.600737
0.716908
0.619229
0.582156
0.454411
0.808951
0.509995
0.734988
0.546976
0.551124
0.735599
0.629785
0.761679
0.918228
0.643757
0.823429
0.596443
0.968419
0.708870
0.983799
0.870174
0.698447
0.771152
0.720777
0.451479
0.923916
0.965674
0.522241
0.533833
0.872744
0.476553
0.653133
0.989740
0.379290
0.665855
0.831941
0.478842
0.965611
0.545061
0.840225
0.737617
0.726691
0.707991
0.900067
0.998483
0.567781
0.570279
0.962081
0.992314
0.787968
0.871216
0.994725
0.886955
0.998214
0.450025
0.992323
0.652879
0.546843
0.716034
0.868578
0.918277
0.519574
0.936226
0.999453
0.846683
0.736275
0.645426
0.961991
0.931758
0.515325
0.755276
0.570372
0.559788
0.477820
0.916271
0.520537
0.294911
0.655518
0.654453
0.756214
0.613149
0.987814
0.546462
0.547316
0.692322
0.982560
0.467916
0.758631
0.799801
0.500103
0.974354
0.377416
0.538023
0.394932
0.709893
0.532174
0.841786
0.884210
0.526695
0.899316
0.530109
0.323123
0.851973
0.453275
0.578567
0.936933
0.835996
0.997954
0.641059
0.786361
1.000000
0.998744
0.999981
0.910309
0.999787
0.999744
0.999965
0.996816
0.956800
0.896389
0.679743
0.715480
0.924310
0.445029
0.955569
0.863945
0.871450
0.774350
0.445005
0.990782
0.445044
0.942158
0.974009
0.408556
0.514647
0.999339
0.895740
0.328048
0.427329
0.628187
0.542904
0.469290
0.650254
0.593977
0.999857
0.718749
0.748359
0.805240
0.583025
0.417178
0.772614
0.937706
0.969602
0.996157
0.543706
0.786972
0.839344
0.896292
0.999962
0.409450
0.986606
0.999584
0.462648
0.991549
0.507932
