0.988860
0.845587
0.868702
0.779096
0.506529
0.996849
0.768939
0.975306
0.992923
0.942348
0.940304
0.997677
0.981349
0.965257
0.989475
0.978917
0.989319
0.938113
0.936551
0.996603
0.996020
0.896853
0.989817
0.994976
0.984835
0.987441
0.993343
0.996869
0.998676
0.981972
0.979013
0.880482
0.986902
0.996567
0.989075
0.985390
0.972707
0.951305
0.986211
0.988942
0.942961
0.984318
0.933540
0.985990
0.971219
0.998299
0.987630
0.993222
0.985436
0.689248
0.996054
0.921583
0.994234
0.996195
0.994410
0.967059
0.990396
0.995883
0.997694
0.986715
0.983105
0.999360
0.987143
0.982434
0.998319
0.965243
0.980849
0.975302
0.980587
0.998520
0.988624
0.997630
0.972625
0.957433
0.968662
0.829182
0.993801
0.996699
0.974605
0.962271
0.969281
0.814638
0.809971
0.989274
0.951486
0.821148
0.960016
0.982805
0.995022
0.999246
0.928324
0.973614
0.982944
0.994301
0.980812
0.983205
0.937836
0.963333
0.995652
0.989159
0.990565
0.987005
0.993138
0.999013
0.986268
0.970010
0.996355
0.993047
0.971271
0.989641
0.996119
0.978903
0.994605
0.981349
0.982423
0.993943
0.991579
0.992383
0.977435
0.994038
0.998154
0.980394
0.982901
0.995849
0.998551
0.986524
0.996168
0.892774
0.910083
0.993029
0.971451
0.796934
0.824892
0.964522
0.972743
0.890101
0.987238
0.985144
0.999102
0.999977
0.999324
0.999977
0.999909
0.999929
0.999974
0.999669
0.999357
0.999996
0.999964
0.999938
0.956141
0.997169
0.999979
0.996729
0.995774
0.999842
0.999616
0.999150
0.999672
0.996459
0.958028
0.968336
0.999623
0.997093
0.996664
0.996247
0.998855
0.999602
0.999987
0.999486
0.999675
0.999680
0.999175
0.916598
0.992945
0.997203
0.999218
0.999878
0.997589
0.995891
0.987101
0.951522
0.947754
0.905595
0.950913
0.890967
0.838419
0.837659
0.677505
0.836919
0.604096
0.996435
0.998487
0.800265
0.998339
0.886886
0.998046
0.998299
0.983095
0.827285
0.945340
0.908185
0.951354
0.799614
0.974111
0.571841
0.989019
0.993130
0.663507
0.460662
0.943299
0.991956
0.764760
0.943686
0.895405
0.988695
0.999446
0.994047
0.511860
0.378243
0.991108
0.420768
0.860053
0.703014
0.533288
0.600147
0.999995
0.999995
0.999990
0.999992
0.999995
0.999942
0.999979
0.999995
0.999998
0.999992
0.999992
0.999817
0.881915
0.999993
0.999996
0.999987
1.000000
0.999997
0.880300
0.810899
0.619071
0.948257
0.693146
0.632032
0.957731
0.982621
0.975882
0.926685
0.985594
0.853786
0.541159
0.999940
0.698150
0.654102
0.986808
0.935993
0.999613
0.999843
0.993888
0.993948
0.996940
0.999937
0.993279
0.999819
0.999946
0.993406
0.991847
0.917316
0.995837
0.999728
0.999908
0.859987
0.998919
0.768849
0.655386
0.806515
0.842054
0.921718
0.902297
0.980835
0.545106
0.978011
0.990951
0.998804
0.352626
0.998492
0.953388
0.381492
0.530652
0.999599
0.983673
0.978225
0.629084
0.998028
0.995516
0.816123
0.661024
0.839971
0.998710
0.946672
0.891899
0.995490
0.551663
0.997840
0.501083
0.748169
0.967021
0.907296
0.558773
0.898631
0.996674
0.999031
0.999986
0.990728
0.999076
0.973235
0.989773
0.990735
0.931048
0.961910
0.977592
0.999972
0.998814
0.867319
0.620947
0.995039
0.696236
0.997483
0.987414
0.991886
0.994234
0.995515
0.609121
0.641323
0.998677
0.999343
0.970215
0.969275
0.979514
0.886298
0.789507
0.993810
0.988578
0.937885
0.927449
0.956347
0.960131
0.952438
0.999442
0.997066
0.882616
0.706786
0.995263
0.923907
0.984637
0.999339
0.938998
0.854457
0.932261
0.567919
0.921388
0.976650
0.989432
0.977684
0.924487
0.999353
0.999971
0.999734
0.999579
0.999975
0.999925
0.999916
0.999711
0.999405
0.998968
0.994151
0.999416
0.999691
0.999508
0.997926
0.998450
0.999737
0.999147
0.999521
0.997558
0.999875
0.999881
0.964674
0.937825
0.933650
0.986922
0.933906
0.917580
0.894724
0.997250
0.937670
0.930603
0.955149
0.888311
0.819303
0.697359
0.967270
0.832039
0.991995
0.989678
0.988803
0.914317
0.999892
0.999910
0.986649
0.999999
0.998837
0.997518
0.999999
0.999998
0.999738
0.998205
0.809188
0.999987
0.999899
0.999840
0.999977
0.999803
0.999508
0.999993
0.999096
0.999460
0.999936
0.999950
0.999928
0.999950
0.998930
0.796717
0.972519
0.999972
0.905285
0.732932
0.988068
0.779675
0.916625
0.996859
0.949539
0.958561
0.852701
0.850119
0.978304
0.900654
0.943040
0.994369
0.987210
0.966263
0.909744
0.728563
0.998537
0.916132
0.801080
0.995740
0.996712
0.836540
0.806775
0.746104
0.988469
0.839707
0.990666
0.997151
0.990169
0.999945
0.999632
0.992733
0.963616
0.998030
0.981849
0.998982
0.999951
0.999812
0.999941
0.999897
0.999062
0.970632
0.999450
0.998072
0.998242
0.999750
0.999935
0.813661
0.996832
0.984483
0.970592
0.999912
0.996677
0.979715
0.845195
0.999089
0.999908
0.985040
0.957334
0.979950
0.996955
0.985595
0.499723
0.976269
0.688151
0.857895
0.989984
0.498397
0.807800
0.401819
0.923693
0.742994
0.958438
0.826509
0.974560
0.995694
0.978877
0.484782
0.625803
0.950170
0.474402
0.897271
0.939200
0.958285
0.811337
0.646785
0.804128
0.981261
0.924859
0.857649
0.907750
0.514681
0.532721
0.723610
0.689798
0.661411
0.915111
0.955099
0.727299
0.816433
0.940743
0.991722
0.379296
0.987621
0.998408
0.991860
0.992453
0.991658
0.986509
0.915168
0.600642
0.916666
0.829371
0.999269
0.990277
0.959391
0.537503
0.999992
0.930863
0.612637
0.586101
0.920222
0.868741
0.619007
0.999974
0.996251
0.915786
0.634211
0.735499
0.914322
0.924215
0.996979
0.927323
0.983658
0.994689
0.997323
0.998575
0.999961
0.999955
0.698010
0.978150
0.999006
0.999985
0.996763
0.986629
0.999882
0.998546
0.998087
0.994653
0.992689
0.991243
0.999665
0.910049
0.977014
0.991033
0.995039
0.997386
0.999861
0.999976
0.977918
0.999999
0.996756
0.999974
0.999992
0.954155
0.923440
0.968153
0.998170
0.999199
0.976772
0.941701
0.934410
0.986124
0.989150
0.964064
0.988021
0.712862
0.969821
0.885908
0.955158
0.770089
0.951854
0.757193
0.863027
0.838205
0.760949
0.869260
0.945878
0.964014
0.722397
0.782505
0.520323
0.659314
0.971577
0.958664
0.925992
0.665794
0.957602
0.575791
0.919973
0.958627
0.758965
0.759482
0.987064
0.962546
0.852439
0.970195
0.906516
0.980408
0.996369
0.556754
0.949140
0.539672
0.734089
0.970106
0.999999
0.998397
0.908808
0.983401
0.992500
0.599921
0.958090
0.999038
0.884381
0.763086
0.526768
0.994678
0.999800
0.999788
0.995683
0.999496
0.999910
0.975099
0.955504
0.889320
0.977276
0.892742
0.922324
0.993511
0.859064
0.907959
0.974854
0.997064
0.999991
0.999994
0.955895
0.514654
0.954767
0.999999
0.998267
0.999947
0.995932
0.959377
0.926529
0.999303
0.999999
0.766204
0.596426
0.480180
0.918356
0.997756
0.994253
0.999994
1.000000
1.000000
1.000000
0.999772
0.999996
0.998669
1.000000
0.998365
0.999987
0.999991
1.000000
0.953030
0.834490
0.600453
0.940708
0.458977
0.711125
0.820709
0.905469
0.758111
0.659326
0.615448
0.914325
0.999705
0.982314
0.672635
0.991376
0.532478
0.999361
0.813179
0.940965
0.966830
0.891699
0.997636
0.998977
0.907365
0.871398
0.996703
0.997032
0.998713
0.732318
0.628808
0.739968
0.707093
0.953003
0.966817
0.928506
0.666059
0.434793
0.961982
0.632433
0.851172
0.933651
0.834327
0.858259
0.919215
0.978779
0.835494
0.638661
0.986592
0.582260
0.619372
0.865911
0.902996
0.993534
0.583553
0.982760
0.814658
0.971685
0.909566
0.751662
0.796100
0.648817
0.996025
0.510931
0.727442
0.880340
0.516417
0.995902
0.779561
0.626430
0.998271
0.772006
0.966499
0.999998
0.954662
0.886762
0.852735
0.721449
0.997320
0.661494
0.690919
0.866904
0.735939
0.991064
0.747697
0.992564
0.947501
0.917664
0.999966
0.999881
0.979499
0.883481
0.991070
0.992799
0.777705
0.997831
0.996377
0.750373
0.741578
0.840885
0.993143
0.585722
0.959252
0.953203
0.742319
0.988102
0.822854
0.993594
0.742644
0.999697
0.996247
0.566393
0.830542
0.976234
0.997863
0.917998
0.968949
0.958452
0.856136
0.953673
0.999990
0.999844
0.595958
0.690555
0.992911
0.624263
0.832212
0.953806
0.831820
0.997904
0.992097
0.581813
0.874191
0.879966
0.989201
0.461681
0.977718
0.942204
0.992038
0.991382
0.994932
0.987568
0.997756
0.840341
0.999711
0.920739
0.807795
0.976200
0.986115
0.820653
0.995702
0.946504
0.973795
0.997254
0.999521
0.989469
0.958384
0.573860
0.994315
0.998871
0.999990
0.999725
0.789780
0.999988
0.955047
0.874456
0.878666
0.701346
0.822124
0.907510
0.551252
0.925342
0.642915
0.970849
0.999072
0.894947
0.805195
0.964736
0.999985
0.999866
0.998616
0.977582
0.984073
0.999127
0.991862
0.989614
0.999847
0.999483
0.980296
0.999733
0.973019
0.987608
0.603168
0.999846
0.999537
0.880519
0.999906
0.960970
0.999583
0.954625
0.960104
0.995422
0.989048
0.998710
0.999974
0.613911
0.694245
0.999240
0.994753
0.860504
0.872697
0.991752
0.999607
0.997340
0.918585
0.999588
0.997795
0.940159
0.882915
0.636118
0.952103
0.535275
0.919224
0.864787
0.381915
0.838160
0.945305
0.476525
0.988809
0.990046
0.989417
0.979740
0.991594
0.936304
0.992759
0.910771
0.987913
0.955262
0.823105
0.938631
0.947317
0.939667
0.970095
0.881930
0.954373
0.926506
0.987928
0.928884
0.986589
0.991418
0.984714
0.989482
0.989033
0.976842
0.992631
0.764632
0.996387
0.993690
0.985993
0.977797
0.990113
0.985705
0.977239
0.797974
0.937190
0.986990
0.994372
0.956359
0.992412
0.462820
0.783493
0.992413
0.992007
0.982406
0.994994
0.994039
0.950662
0.457443
0.427551
0.989744
0.997901
0.989213
0.994344
0.991811
0.994936
0.937236
0.990708
0.950032
0.840443
0.994937
0.978753
0.770707
0.987856
0.993700
0.788443
0.981460
0.948527
0.990977
0.921949
0.952812
0.974084
0.984478
0.972922
0.977514
0.993746
0.982784
0.974176
0.982579
0.992095
0.815054
0.980148
0.950387
0.955146
0.990539
0.982654
0.984075
0.996147
0.943252
0.986081
0.908942
0.992636
0.777930
0.805985
0.986736
0.538084
0.937939
0.991734
0.939763
0.998815
0.998147
0.992242
0.991955
0.957290
0.815981
0.963465
0.744268
0.988789
0.994734
0.636280
0.994528
0.994802
0.985239
0.987450
0.883452
0.988724
0.993881
0.880763
0.986412
0.988640
0.970708
0.886245
0.982000
0.801383
0.999321
0.982402
0.999442
0.849759
0.999762
0.966098
0.999782
0.999944
0.994468
0.997785
0.903679
0.938721
0.988551
0.999200
0.994839
0.944771
0.920438
0.883406
0.936595
0.956550
0.549205
0.991273
0.977663
0.865483
0.982409
0.965501
0.997589
0.804129
0.995651
0.974833
0.969767
0.937182
0.687610
0.666430
0.965471
0.976799
0.596813
0.972812
0.994507
0.989865
0.792324
0.717422
0.999834
0.993680
0.672135
0.897052
0.552503
0.635557
0.913058
0.637359
0.821215
0.940615
0.988308
0.978948
0.838930
0.998678
0.708492
0.964910
0.849350
0.627788
0.992170
0.994946
0.846506
0.614111
0.943674
0.402104
0.611810
0.931098
0.951008
0.535826
0.964918
0.963499
0.983646
0.993800
0.978327
0.944014
0.987938
0.984883
0.934539
0.960100
0.927990
0.607210
0.803544
0.984895
0.432300
0.979798
0.687827
0.863887
0.645438
0.960723
0.832104
0.973441
0.703507
0.514902
0.974681
0.968992
0.981516
0.994087
0.536193
0.811074
0.975331
0.982391
0.828891
0.643995
0.983170
0.933611
0.956947
0.834298
0.899246
0.960083
0.983246
0.939961
0.995261
0.902755
0.877390
0.990733
0.980520
0.646845
0.894344
0.557428
0.717510
0.945472
0.749677
0.979508
0.971947
0.977711
0.992754
0.997834
0.986228
0.859385
0.590928
0.986748
0.985893
0.961426
0.981735
0.945903
0.928873
0.989130
0.980042
0.917608
0.969034
0.801518
0.983917
0.979881
0.943009
0.962402
0.985685
0.997734
0.994246
0.941143
0.905903
0.997982
0.894191
0.997584
0.989680
0.985222
0.991041
0.940438
0.986995
0.924446
0.969693
0.992450
0.994864
0.998542
0.962721
0.990066
0.990069
0.871526
0.858803
0.942490
0.991043
0.852565
0.997117
0.644935
0.593129
0.996586
0.973934
0.803527
0.984432
0.958584
0.984776
0.999198
0.970056
0.992462
0.995731
0.919743
0.928082
0.993557
0.965001
0.975648
0.992429
0.989757
0.660728
0.955455
0.984946
0.978449
0.560019
0.974158
0.992211
0.767579
0.851699
0.476982
0.999349
0.965735
0.944815
0.988415
0.995457
0.995430
0.996766
0.996769
0.963063
0.988230
0.991419
0.983410
1.000000
0.824835
0.886023
0.836461
0.846780
0.778355
0.999696
0.956929
0.959699
0.969849
0.873102
0.522175
0.983427
0.642031
0.371928
0.973490
0.819185
0.643061
0.622387
0.908815
0.996061
0.660923
0.940861
0.962295
0.656586
0.971544
0.795622
0.887715
0.979111
0.573674
0.998340
0.978077
0.992830
0.997350
0.887319
0.687564
0.802084
0.967423
0.996418
0.729012
0.769609
0.911852
0.960931
0.869669
0.876141
0.983154
0.902943
0.996228
0.994717
0.567256
0.837593
0.995202
0.980994
0.996485
0.994551
0.709598
0.997121
0.359370
0.851427
0.862883
0.985858
0.990143
0.991756
0.989420
0.993004
0.595959
0.956143
0.901545
0.972654
0.523256
0.929070
0.921004
0.902831
0.796254
0.716732
0.996894
0.995885
0.480650
0.983918
0.977385
0.959518
0.993904
0.477887
0.384147
0.900649
0.953529
0.959002
0.984695
0.923561
0.986354
0.932850
0.946490
0.975940
0.990631
0.460234
0.782888
0.967164
0.993852
0.594803
0.900227
0.998591
0.993630
0.660006
0.884250
0.945003
0.792113
0.980135
0.996707
0.985916
0.989665
0.975240
0.962416
0.948402
0.990507
0.738647
0.498412
0.942893
0.719918
0.995777
0.973377
0.828767
0.782419
0.864703
0.971659
0.876983
0.534816
0.978767
0.985424
0.983860
0.987492
0.985577
0.392284
0.941778
0.990903
0.984865
0.923518
0.983080
0.961654
0.949857
0.953562
0.997465
0.967536
0.994758
0.970545
0.997072
0.997783
0.838256
0.650827
0.817954
0.990314
0.998180
0.989479
0.613388
0.983370
0.910377
0.950020
0.455611
0.710580
0.987176
0.773521
0.939343
0.566568
0.902326
0.786231
0.771361
0.797095
0.915004
0.956674
0.741792
0.595143
0.998798
0.994470
0.989446
0.958140
0.993067
0.928157
0.992943
0.996252
0.994833
0.614321
0.994295
0.999258
0.997093
0.994748
0.993420
0.999997
0.717532
0.995250
0.994956
0.995580
1.000000
0.996826
0.999291
0.994829
0.995162
0.997107
0.523170
0.998035
0.998494
0.967662
0.982156
0.999231
0.996651
0.981233
0.660134
0.993909
0.860041
0.999646
0.781725
0.967221
0.999415
0.975184
0.999980
0.999999
0.999991
0.997976
0.999305
0.999714
0.973251
0.981014
0.977617
0.969540
0.903748
0.892099
0.995214
0.997825
0.959122
0.969815
0.995553
0.992063
0.998572
0.996430
0.997531
0.988785
0.998618
0.970628
0.998143
0.985628
0.997315
0.982539
0.999179
0.998279
0.997747
0.996542
0.958600
0.993677
0.991719
0.999858
0.963399
0.994101
0.968225
0.996390
0.992115
0.992879
0.995638
0.997733
0.994807
0.988160
0.981775
0.993049
0.998761
0.711674
0.877024
0.935793
0.876197
0.975874
0.983358
0.955302
0.977407
0.635784
0.804462
0.896434
0.960021
0.976327
0.787073
0.976372
0.849646
0.918569
0.768892
0.799050
0.934641
0.996627
0.995140
0.973169
0.915932
0.990104
0.962997
0.995838
0.986964
0.979250
0.997298
0.840706
0.996002
0.939291
0.985635
0.980955
0.965857
0.987833
0.991962
0.998049
0.995025
0.988163
0.929095
0.994473
0.993183
0.991982
0.995956
0.984128
0.994297
0.996360
0.993797
0.861065
0.992717
0.994204
0.993973
0.993387
0.993886
0.997561
0.993308
0.988418
0.996511
0.994112
0.931949
0.987025
0.989400
0.998586
0.988636
0.843750
0.966265
0.969742
0.977466
0.974633
0.982858
0.999026
0.839566
0.988129
0.998017
0.998580
0.860860
0.974900
0.992170
0.858886
0.993191
0.952428
0.997694
0.997939
0.993417
0.994898
0.984940
0.993132
0.994777
0.990997
0.994018
0.829120
0.991156
0.880213
0.972284
0.989855
0.823770
0.865229
0.997548
0.979794
0.672170
0.921668
0.989617
0.990814
0.986990
0.865580
0.983291
0.966254
0.779736
0.971769
0.954495
0.992848
0.985757
0.993275
0.870361
0.620167
0.587384
0.974357
0.993178
0.995435
0.944195
0.993541
0.997973
0.994179
0.968926
0.994906
0.969358
0.997093
0.990146
0.991595
0.944091
0.996637
0.994590
0.995592
0.991973
0.990099
0.992814
0.984524
0.995738
0.992273
0.999394
0.988410
0.989607
0.994054
0.991299
0.986580
0.983915
0.989092
0.996067
0.984575
0.681044
0.977475
0.993254
0.995605
0.953075
0.999399
0.999961
0.993070
0.972037
0.993496
0.946297
0.657961
0.957626
0.993573
0.995634
0.982229
0.990127
0.890210
0.991759
0.981465
0.773340
0.567752
0.966806
0.949032
0.880477
0.964179
0.993169
0.997834
0.999675
0.998608
0.857429
0.989794
0.995873
0.991174
0.997308
0.996008
0.997834
0.988117
0.993591
0.993120
0.997685
0.997880
0.991765
0.996136
0.995596
0.994713
0.911969
0.982259
0.993068
0.997024
0.839177
0.859547
0.901092
0.891829
0.681149
0.804686
0.791858
