0.989716
0.993131
0.994891
0.985501
0.992304
0.990183
0.989809
0.974008
0.995940
0.994763
0.993925
0.994135
0.996261
0.986423
0.989897
0.993711
0.987748
0.995235
0.992970
0.988740
0.986858
0.993010
0.984834
0.986591
0.985285
0.992032
0.991414
0.994416
0.970187
0.992146
0.981461
0.979026
0.994767
0.983467
0.989345
0.979392
0.974230
0.957776
0.982716
0.989439
0.976275
0.997613
0.994917
0.992689
0.992633
0.983371
0.950853
0.997024
0.990247
0.993699
0.978835
0.986579
0.958544
0.996555
0.989261
0.986668
0.990960
0.964925
0.992156
0.987433
0.994542
0.988714
0.985957
0.916755
0.994389
0.981114
0.993206
0.995398
0.994225
0.994415
0.987081
0.996468
0.996001
0.993000
0.988831
0.997003
0.995963
0.985555
0.984897
0.994494
0.992139
0.986211
0.988413
0.988175
0.955090
0.981257
0.983167
0.991961
0.986627
0.990692
0.983424
0.993125
0.993723
0.991766
0.989762
0.992411
0.990068
0.991685
0.994637
0.992720
0.931732
0.963820
0.988167
0.977868
0.986173
0.988617
0.995105
0.993171
0.990695
0.993960
0.990764
0.979083
0.982262
0.991883
0.992527
0.993583
0.993591
0.905569
0.994770
0.994760
0.991461
0.991885
0.971938
0.992661
0.990550
0.990132
0.988927
0.996081
0.924712
0.989620
0.987784
0.991401
0.987512
0.987972
0.984762
0.983099
0.971342
0.988552
0.919181
0.941486
0.542021
0.710714
0.864932
0.896569
0.531310
0.830235
0.866537
0.890558
0.854370
0.771453
0.917809
0.914772
0.465527
0.466152
0.799677
0.883961
0.730982
0.892999
0.868994
0.830127
0.805247
0.848319
0.849686
0.668659
0.832936
0.813712
0.857730
0.889906
0.916089
0.896618
0.592355
0.900702
0.898272
0.746019
0.795273
0.874429
0.893149
0.888237
0.503520
0.750705
0.600662
0.743988
0.540465
0.744256
0.882380
0.518490
0.890976
0.637057
0.492292
0.723020
0.737196
0.761396
0.884453
0.833762
0.880479
0.933912
0.911033
0.926008
0.866273
0.903623
0.960055
0.914913
0.715971
0.923301
0.790176
0.855942
0.691402
0.519333
0.764842
0.800596
0.457069
0.887790
0.785033
0.769502
0.598975
0.770540
0.629176
0.620275
0.695948
0.594625
0.788509
0.742780
0.464859
0.775802
0.829930
0.801064
0.744720
0.634522
0.830941
0.725587
0.818904
0.578869
0.890615
0.909610
0.596343
0.910915
0.905799
0.910080
0.886129
0.885697
0.908679
0.912248
0.928419
0.895559
0.918388
0.900861
0.893320
0.898306
0.914526
0.891160
0.516348
0.899311
0.760587
0.702760
0.605474
0.604141
0.781113
0.963977
0.893333
0.569320
0.864196
0.805475
0.703566
0.840935
0.814394
0.920075
0.539991
0.899189
0.577525
0.928985
0.844459
0.901538
0.912567
0.922624
0.914033
0.899288
0.925642
0.939009
0.888024
0.902930
0.914261
0.911137
0.911487
0.757631
0.894751
0.900447
0.900600
0.372211
0.833412
0.816819
0.694719
0.920205
0.875080
0.356664
0.892847
0.940717
0.711135
0.908954
0.837900
0.764708
0.889435
0.858694
0.913857
0.796372
0.901243
0.929715
0.924499
0.840663
0.864561
0.707350
0.881425
0.781548
0.860140
0.567446
0.581624
0.903807
0.874991
0.918935
0.820004
0.857627
0.886296
0.885827
0.879482
0.887953
0.884007
0.843877
0.688213
0.744672
0.887298
0.900708
0.851729
0.740538
0.877594
0.906305
0.899487
0.887902
0.905116
0.931834
0.922689
0.854286
0.944005
0.723895
0.509291
0.857507
0.457703
0.588420
0.887696
0.945201
0.923003
0.925470
0.933572
0.879488
0.913801
0.877003
0.914061
0.426994
0.693589
0.884421
0.933323
0.919252
0.890485
0.913295
0.914594
0.375751
0.943968
0.902907
0.893687
0.801587
0.894227
0.965421
0.892412
0.888513
0.796397
0.912686
0.945771
0.911686
0.877249
0.903290
0.897924
0.937378
0.943977
0.924151
0.906268
0.798549
0.878508
0.749049
0.362908
0.889941
0.892170
0.894686
0.661765
0.882997
0.918093
0.931914
0.883491
0.931138
0.923482
0.860796
0.894138
0.891731
0.807293
0.903686
0.901520
0.685609
0.919317
0.912039
0.937736
0.823939
0.905110
0.918322
0.934045
0.920054
0.897723
0.828735
0.911742
0.897697
0.912530
0.923517
0.945007
0.930861
0.907481
0.897466
0.901151
0.899795
0.900604
0.762978
0.754329
0.880356
0.924465
0.840043
0.905639
0.807199
0.932186
0.869103
0.915520
0.900254
0.567835
0.830252
0.898892
0.872383
0.830495
0.875412
0.491177
0.891342
0.771128
0.684561
0.870978
0.761942
0.748836
0.461542
0.932021
0.922084
0.894741
0.778424
0.943007
0.838308
0.896146
0.803279
0.894318
0.919843
0.656337
0.904278
0.729441
0.950020
0.911709
0.915104
0.922303
0.935890
0.931973
0.793568
0.901991
0.892069
0.840473
0.920806
0.891421
0.912142
0.564281
0.934380
0.915129
0.898240
0.913655
0.926963
0.924212
0.931704
0.914261
0.944446
0.907725
0.903179
0.941492
0.917410
0.945812
0.916194
0.552557
0.920925
0.887033
0.469909
0.845023
0.873935
0.959557
0.906357
0.886631
0.887558
0.940513
0.934100
0.466333
0.980677
0.982480
0.978728
0.985614
0.975964
0.780833
0.997900
0.993566
0.692791
0.979604
0.952136
0.987026
0.367444
0.932615
0.979924
0.995197
0.964351
0.778758
0.563108
0.992175
0.932480
0.768942
0.604307
0.945658
0.948831
0.946420
0.936989
0.890063
0.797687
0.949720
0.944265
0.893484
0.889726
0.881061
0.934050
0.513465
0.928151
0.928291
0.931617
0.875767
0.869246
0.864468
0.838322
0.938709
0.537242
0.906620
0.575661
0.753357
0.675828
0.854636
0.822396
0.754400
0.654275
0.923171
0.858768
0.689488
0.833068
0.936402
0.894973
0.781592
0.908223
0.948458
0.652785
0.871808
0.893271
0.865073
0.911229
0.957533
0.874829
0.875708
0.889709
0.875533
0.880229
0.901784
0.632095
0.888391
0.923205
0.871283
0.859512
0.914431
0.922483
0.900128
0.815088
0.906119
0.882073
0.849504
0.906668
0.887749
0.917280
0.887730
0.938018
0.877893
0.883496
0.942769
0.909594
0.848174
0.978652
0.987299
0.984973
0.985197
0.967865
0.992705
0.981807
0.991563
0.978093
0.985822
0.969139
0.985852
0.971470
0.971296
0.976352
0.988674
0.986700
0.882252
0.581997
0.982027
0.948636
0.987415
0.946130
0.777000
0.881624
0.868321
0.994814
0.990466
0.927036
0.874728
0.977149
0.975902
0.973705
0.983932
0.987022
0.647138
0.532741
0.926837
0.902375
0.917867
0.878110
0.653118
0.803277
0.507585
0.884128
0.755475
0.897146
0.561992
0.656805
0.876778
0.900616
0.776441
0.827236
0.854963
0.677299
0.732104
0.913186
0.936032
0.881336
0.854767
0.886934
0.664280
0.902151
0.506881
0.775579
0.913719
0.691468
0.876771
0.925571
0.889887
0.840517
0.931805
0.922293
0.927746
0.939439
0.846497
0.511302
0.578065
0.606494
0.538038
0.908489
0.785501
0.722376
0.866135
0.713635
0.853255
0.451197
0.819017
0.835901
0.859202
0.504031
0.922243
0.895074
0.600426
0.905847
0.429046
0.756071
0.908367
0.926512
0.542087
0.916063
0.811661
0.872417
0.922870
0.846538
0.578649
0.919825
0.886813
0.885439
0.869725
0.866085
0.878965
0.898303
0.927002
0.913418
0.732227
0.827440
0.622091
0.749088
0.484490
0.666550
0.619689
0.731640
0.904993
0.533195
0.934164
0.902500
0.895305
0.763050
0.795431
0.542558
0.907515
0.876385
0.815663
0.893612
0.535367
0.500138
0.752093
0.747478
0.600981
0.526867
0.816853
0.901025
0.927445
0.633268
0.822468
0.876137
0.473947
0.838887
0.786714
0.784863
0.781471
0.886452
0.901789
0.889616
0.772003
0.851401
0.712268
0.894484
0.896150
0.576210
0.691755
0.896627
0.959899
0.870760
0.807996
0.891728
0.884012
0.937146
0.936651
0.579020
0.676202
0.885075
0.877785
0.890480
0.851402
0.914975
0.861670
0.533755
0.450558
0.858808
0.673434
0.502123
0.797109
0.924219
0.845996
0.955019
0.818944
0.898751
0.929557
0.885607
0.887858
0.881284
0.736995
0.852188
0.903970
0.780322
0.686605
0.602036
0.540141
0.918438
0.871525
0.521539
0.898747
0.567879
0.660788
0.587311
0.930838
0.908454
0.931908
0.897842
0.923698
0.793659
0.913600
0.919955
0.900921
0.860294
0.895597
0.850512
0.582987
0.799935
0.883969
0.899855
0.865870
0.934147
0.886385
0.874071
0.911740
0.685579
0.942656
0.905066
0.903748
0.900040
0.905419
0.907904
0.717808
0.750727
0.877649
0.904542
0.856714
0.908320
0.925757
0.870555
0.890171
0.914215
0.463694
0.838155
0.872945
0.808223
0.652758
0.695558
0.901208
0.737172
0.860052
0.839255
0.940553
0.915633
0.676342
0.879288
0.764031
0.921855
0.679431
0.945219
0.563475
0.626699
0.802232
0.799478
0.879651
0.932853
0.917006
0.902463
0.544742
0.922080
0.906646
0.857955
0.888663
0.467797
0.909566
0.492796
0.896130
0.881142
0.933164
0.616298
0.885128
0.587882
0.781945
0.719481
0.738199
0.942757
0.945211
0.934588
0.747395
0.842086
0.557915
0.530688
0.813469
0.350443
0.662933
0.809528
0.460601
0.620410
0.940584
0.860707
0.903992
0.917939
0.913626
0.898182
0.889610
0.826687
0.860539
0.847750
0.900041
0.907313
0.921693
0.779685
0.891944
0.736415
0.865980
0.876627
0.900200
0.873770
0.926606
0.922421
0.865183
0.933177
0.923516
0.894916
0.816392
0.708302
0.697475
0.834170
0.897523
0.786798
0.864516
0.895162
0.938124
0.869678
0.913931
0.919120
0.610189
0.919759
0.884629
0.640765
0.929565
0.943490
0.865556
0.942127
0.890859
0.891775
0.816801
0.775860
0.736834
0.649335
0.872668
0.974244
0.956010
0.548931
0.980122
0.992642
0.994848
0.981988
0.987023
0.518570
0.983796
0.987128
0.951269
0.980508
0.973722
0.980881
0.989214
0.992643
0.980246
0.929846
0.981925
0.993161
0.996159
0.992087
0.994974
0.979265
0.932791
0.566709
0.988439
0.990819
0.993788
0.992272
0.978942
0.971641
0.977374
0.988962
0.966807
0.988382
0.989192
0.989371
0.971368
0.953571
0.500575
0.986244
0.986559
0.996163
0.990154
0.995378
0.956675
0.581470
0.974948
0.992649
0.987208
0.988166
0.980723
0.992678
0.994768
0.975266
0.739664
0.990678
0.983325
0.537293
0.968817
0.981587
0.837523
0.993841
0.972687
0.982988
0.993657
0.989588
0.993726
0.993914
0.974093
0.942979
0.994944
0.936592
0.910489
0.990465
0.988745
0.762354
0.988706
0.984435
0.987760
0.982726
0.993296
0.969279
0.992720
0.910172
0.947817
0.950807
0.822542
0.972650
0.989860
0.472680
0.985038
0.756016
0.731392
0.860601
0.899098
0.993697
0.991650
0.997046
0.576295
0.852519
0.993792
0.989993
0.991033
0.983475
0.986973
0.986581
0.511627
0.989919
0.979537
0.947472
0.967781
0.988864
0.996247
0.982518
0.933583
0.814391
0.850003
0.901456
0.897908
0.736494
0.911314
0.844947
0.769979
0.928413
0.746280
0.887822
0.892820
0.914941
0.892789
0.582497
0.796599
0.877897
0.927344
0.904281
0.837608
0.944199
0.919053
0.944655
0.841446
0.632253
0.519902
0.780802
0.841384
0.927904
0.821173
0.884900
0.743363
0.706867
0.930902
0.958251
0.547864
0.900705
0.874899
0.704359
0.805840
0.951669
0.798369
0.747521
0.859605
0.667918
0.613651
0.677054
0.618956
0.793957
0.975984
0.877954
0.754732
0.969600
0.527136
0.989200
0.978733
0.778009
0.962103
0.976600
0.989765
0.981625
0.562470
0.937877
0.989970
0.993325
0.991622
0.980147
0.982330
0.917678
0.991783
0.989902
0.988106
0.982873
0.981802
0.986169
0.950617
0.978864
0.958923
0.993753
0.986061
0.868616
0.995218
0.989432
0.994869
0.986159
0.989909
0.994889
0.992670
0.985196
0.994850
0.986552
0.990011
0.988936
0.808280
0.985191
0.986407
0.984436
0.990923
0.993753
0.973383
0.522131
0.976940
0.982422
0.986709
0.995123
0.927633
0.991345
0.929560
0.991029
0.994147
0.991989
0.990649
0.971946
0.995981
0.995487
0.996972
0.976523
0.990758
0.988276
0.993067
0.993308
0.976891
0.985111
0.983411
0.994831
0.989536
0.991506
0.995238
0.994455
0.990047
0.982567
0.992674
0.975884
0.982129
0.938527
0.993600
0.994208
0.467210
0.966573
0.997153
0.994666
0.992630
0.995732
0.993142
0.986808
0.933142
0.985342
0.973755
0.994920
0.996292
0.990563
0.983066
0.991070
0.985864
0.988032
0.904397
0.991305
0.993025
0.727272
0.810254
0.510466
0.793393
0.759641
0.753486
0.710878
0.860625
0.987842
0.992180
0.983416
0.988689
0.993819
0.984995
0.962211
0.973647
0.995822
0.977556
0.980542
0.978502
0.995615
0.993679
0.976287
0.993676
0.990296
0.987282
0.979265
0.980869
0.592106
0.722240
0.989407
0.993444
0.931102
0.983177
0.992914
0.983649
0.989077
0.995636
0.983613
0.993783
0.993451
0.977417
0.972937
0.973163
0.981179
0.686590
0.990929
0.717527
0.500144
0.671141
0.814490
0.747872
0.833168
0.855737
0.718281
0.644354
0.541315
0.840317
0.833965
0.970993
0.971807
0.793137
0.986519
0.981696
0.981134
0.810862
0.704047
0.989104
0.955414
0.588918
0.985526
0.973624
0.537782
0.849148
0.938590
0.990507
0.994633
0.646429
0.992636
0.928694
0.890582
0.644047
0.613861
0.816032
0.883936
0.877316
0.749237
0.884468
0.744107
0.581072
0.586104
0.805061
0.621182
0.792846
0.815223
0.746516
0.754676
0.671094
0.730795
0.752999
0.872415
0.698070
0.455508
0.863471
0.965251
0.945755
0.982521
0.981812
0.989753
0.992437
0.996983
0.927239
0.976087
0.979643
0.976893
0.987948
0.979052
0.743789
0.901937
0.615375
0.975202
0.994700
0.675824
0.976405
0.994766
0.990487
0.988423
0.992815
0.979684
0.980806
0.972843
0.777083
0.994089
0.993661
0.804422
0.980021
0.986600
0.992761
0.990525
0.994993
0.969633
0.985312
0.938295
0.982335
0.971396
0.950810
0.989493
0.962368
0.965406
0.983875
0.950416
0.987228
0.984856
0.988329
0.991156
0.963371
0.988896
0.731717
0.992478
0.993031
0.984010
0.985846
0.978578
0.991858
0.989221
0.985631
0.992622
0.988981
0.989312
0.969633
0.992866
0.750363
0.988373
0.977009
0.977960
0.976331
0.636762
0.977721
0.981508
0.972461
0.979500
0.980024
0.989624
0.912954
0.975332
0.969902
0.655403
0.992266
0.981583
0.991752
0.985638
0.992221
0.985430
0.970531
0.972354
0.971126
0.984172
0.933092
0.987972
0.993134
0.996536
0.981484
0.942785
0.922834
0.970323
0.982485
0.977699
0.902235
0.898654
0.634657
0.995145
0.995926
0.995843
0.943091
0.989987
0.994684
0.987249
0.987626
0.983770
0.802757
0.802966
0.979012
0.996602
0.989810
0.993540
0.990643
0.400200
0.857826
0.757026
0.993015
0.991945
0.835458
0.816446
0.996182
0.990846
0.990726
0.989000
0.986256
0.831506
0.991685
0.990587
0.866591
0.969038
0.986873
0.991477
0.560798
0.479797
0.984720
0.826303
0.820229
0.701649
0.990523
0.923588
0.722919
0.996306
0.791505
0.829719
0.745524
0.702344
0.995210
0.995994
0.795726
0.736519
0.638069
0.996195
0.985252
0.991879
0.975439
0.996415
0.993900
0.995887
0.989175
0.993741
0.988138
0.993789
0.995292
0.984232
0.993700
0.992990
0.996339
0.994359
0.984952
0.984187
0.990046
0.989771
0.981452
0.994584
0.996640
0.988647
0.995252
0.990963
0.996880
0.994897
0.996160
0.989362
0.994209
0.996605
0.994249
0.991065
0.995535
0.994804
0.990441
0.987570
0.990163
0.984084
0.985638
0.992119
0.541424
0.840437
0.884677
0.986321
0.960148
0.989143
0.993482
0.993572
0.992222
0.992370
0.990995
0.990564
0.995563
0.978659
0.996239
0.992763
0.983472
0.992638
0.971555
0.988876
0.982188
0.987582
0.987970
0.987440
0.993103
0.992076
0.995576
0.992969
0.991901
0.996236
0.979452
0.990432
0.981071
0.988043
0.992175
0.982197
0.992783
0.988105
0.990910
0.994145
0.994666
0.982943
0.988558
0.979460
0.985282
0.984777
0.979388
0.994502
0.996950
0.991982
0.993918
0.996314
0.993608
0.994755
0.988927
0.981789
0.996034
0.991171
0.989255
0.992710
0.922209
0.977140
0.989427
0.992981
0.993392
0.969900
0.515040
0.833734
0.989815
0.990048
0.990371
0.992200
0.981393
0.995267
0.974911
0.987633
0.994542
0.993648
0.983161
0.970094
0.994254
0.977930
0.982453
0.962072
0.991443
0.985929
0.979637
0.995277
0.992782
0.982403
0.984249
0.988366
0.993904
0.991693
0.995644
0.509887
0.989084
0.866452
0.664976
0.990086
0.988029
0.869333
0.983440
0.989267
0.990769
0.994050
0.983965
0.985758
0.932603
0.981537
0.990376
0.973037
0.984909
0.989007
0.986636
0.686648
0.872046
0.993174
0.985121
0.990597
0.993739
0.993011
0.993824
0.985787
0.989299
0.986145
0.990105
0.997878
0.983386
0.990537
0.985149
0.996471
0.986487
0.994916
0.992253
0.989831
0.996571
0.994930
0.995083
0.995840
0.993461
0.998049
0.994943
0.995920
0.990184
0.979028
0.984562
0.995776
0.996181
0.988379
0.988972
0.984434
0.994500
0.986567
0.965183
0.993335
0.995745
0.916505
0.986217
0.996164
0.989349
0.989307
0.861945
0.986355
0.997358
0.996468
0.972033
0.609831
0.884960
0.989241
0.975646
0.994184
0.842351
0.569405
0.914915
0.868105
0.849198
0.870597
0.862314
0.849759
0.991853
0.995504
0.996194
0.991843
0.995437
0.993434
0.993730
0.989851
0.995015
0.998098
0.996715
0.814531
0.994702
0.996192
0.989680
0.996997
0.994971
0.990728
0.996256
0.994835
0.994942
0.987971
0.985562
0.990835
0.806446
0.948157
0.864078
0.886952
0.882848
0.887785
0.931606
0.938291
0.912782
