0.998388
0.996203
0.997976
0.686607
0.934390
0.999767
0.923721
0.976920
0.997312
0.998944
0.972142
0.999957
0.998809
0.806464
0.947289
0.998473
0.965143
0.999633
0.999447
0.954839
0.998328
0.996490
0.939468
0.999703
0.979577
0.984872
0.707300
0.998326
0.997683
0.994368
0.971651
0.941189
0.993911
0.997809
0.853880
0.997525
0.992735
0.993807
0.917716
0.961494
0.864103
0.999289
0.966667
0.944109
0.937201
0.996205
0.456457
0.994523
0.995688
0.996247
0.996788
0.887571
0.937353
0.983470
0.909222
0.997117
0.998881
0.995762
0.967686
0.991426
0.998238
0.988041
0.986992
0.960776
0.999846
0.995023
0.985747
0.993163
0.997874
0.974918
0.982288
0.993952
0.999891
0.993171
0.992895
0.990208
0.990444
0.992835
0.932259
0.996715
0.999071
0.984725
0.893184
0.919656
0.833335
0.865635
0.970528
0.997953
0.832742
0.954104
0.985263
0.998983
0.999332
0.997883
0.872226
0.877699
0.994144
0.997980
0.988010
0.986977
0.923531
0.989727
0.971515
0.993899
0.970293
0.992647
0.999674
0.993743
0.994209
0.999454
0.981132
0.986807
0.838850
0.998236
0.990705
0.999292
0.994587
0.948552
0.997741
0.996539
0.995400
0.924259
0.995060
0.998884
0.997767
0.997948
0.997732
0.999955
0.987173
0.998591
0.953761
0.981615
0.996111
0.786533
0.945855
0.892062
0.991331
0.990201
0.987149
0.821094
0.612348
0.525498
0.723518
0.731817
0.790597
0.819702
0.849925
0.726023
0.663401
0.559279
0.906103
0.833756
0.760903
0.605860
0.723647
0.852942
0.715240
0.493178
0.774792
0.662249
0.621034
0.643343
0.627159
0.770624
0.735727
0.649954
0.657225
0.638565
0.642297
0.755989
0.799692
0.519788
0.792471
0.736059
0.549042
0.574722
0.536575
0.616016
0.760632
0.649301
0.626610
0.555310
0.471238
0.617142
0.668972
0.623242
0.657123
0.628958
0.602573
0.478973
0.491253
0.566690
0.714179
0.680434
0.464052
0.699662
0.509561
0.671227
0.617774
0.721702
0.512654
0.809703
0.825237
0.588112
0.488639
0.648596
0.443904
0.632960
0.991965
0.789009
0.552665
0.576334
0.580752
0.569903
0.382743
0.602105
0.606976
0.548957
0.552953
0.527307
0.569732
0.505033
0.645996
0.588216
0.495043
0.567352
0.498722
0.554976
0.533058
0.481508
0.889526
0.854091
0.806088
0.882140
0.815162
0.807797
0.876301
0.878378
0.856704
0.830915
0.843813
0.791905
0.519481
0.839128
0.839346
0.831832
0.893925
0.841263
0.580759
0.832543
0.500119
0.718374
0.691226
0.672709
0.454117
0.949401
0.530585
0.793391
0.700439
0.790635
0.459671
0.561796
0.907449
0.648466
0.676782
0.776488
0.517427
0.880980
0.903461
0.777537
0.580103
0.710132
0.879445
0.691331
0.857543
0.821807
0.856255
0.682595
0.594970
0.574411
0.759917
0.852047
0.447499
0.701396
0.607671
0.537058
0.643454
0.835581
0.554208
0.621415
0.466582
0.601083
0.704401
0.726727
0.603644
0.377502
0.760458
0.614099
0.601645
0.740896
0.660764
0.544398
0.498168
0.708516
0.443538
0.663049
0.492732
0.856843
0.467460
0.657740
0.645088
0.702758
0.502739
0.482574
0.818196
0.758169
0.641130
0.682255
0.658639
0.739989
0.648791
0.447549
0.737591
0.458302
0.751849
0.786288
0.897539
0.926212
0.779950
0.509630
0.582458
0.781267
0.846939
0.882171
0.797565
0.783799
0.577869
0.613883
0.802381
0.937275
0.731327
0.663182
0.721447
0.479280
0.536394
0.837365
0.716849
0.707822
0.624691
0.816602
0.568236
0.529082
0.521989
0.636189
0.561723
0.817883
0.690429
0.480666
0.862371
0.609687
0.665354
0.476844
0.624182
0.770848
0.382457
0.804471
0.843011
0.912005
0.689123
0.832237
0.836897
0.912160
0.779590
0.803764
0.860448
0.859535
0.756315
0.860898
0.837014
0.715295
0.889967
0.828487
0.907845
0.864789
0.828046
0.874901
0.884856
0.719060
0.695352
0.660839
0.480162
0.637325
0.740713
0.690050
0.503357
0.602642
0.698359
0.788663
0.645913
0.568762
0.737409
0.743814
0.880813
0.675926
0.725724
0.856615
0.608065
0.859354
0.657914
0.792605
0.932779
0.925135
0.886212
0.842087
0.786653
0.910584
0.922511
0.831761
0.851396
0.936356
0.896130
0.886935
0.836747
0.835895
0.922741
0.860917
0.892971
0.912419
0.792424
0.489021
0.649301
0.588830
0.607893
0.836291
0.571575
0.533547
0.571762
0.597404
0.549711
0.797566
0.638266
0.503382
0.541663
0.587918
0.712203
0.661383
0.635155
0.593536
0.610366
0.546644
0.627523
0.563977
0.569117
0.702061
0.636983
0.633889
0.668328
0.561546
0.530800
0.667252
0.713862
0.682337
0.694522
0.664248
0.515478
0.592104
0.781476
0.613600
0.741130
0.824390
0.784101
0.813428
0.852080
0.736148
0.537037
0.758722
0.741722
0.795061
0.894905
0.627269
0.605151
0.602536
0.735585
0.688475
0.815572
0.727534
0.769909
0.621001
0.746689
0.723356
0.703352
0.565674
0.534552
0.503290
0.604233
0.600282
0.560931
0.606778
0.489385
0.560774
0.675259
0.752266
0.807850
0.631684
0.771168
0.560020
0.633774
0.681021
0.981446
0.968970
0.767821
0.950750
0.888896
0.830693
0.704714
0.477242
0.782032
0.542537
0.681247
0.658024
0.680213
0.951812
0.569207
0.476529
0.580310
0.665844
0.720067
0.649481
0.596591
0.602155
0.695132
0.734983
0.608861
0.706105
0.860496
0.759532
0.693820
0.714896
0.740536
0.708155
0.623968
0.547810
0.857861
0.685391
0.546034
0.555452
0.795866
0.513857
0.501644
0.896958
0.826971
0.771533
0.547867
0.696914
0.677201
0.521233
0.506154
0.716795
0.788177
0.692031
0.568109
0.547648
0.536307
0.545258
0.632840
0.746901
0.606041
0.669358
0.550140
0.662311
0.632470
0.761223
0.640316
0.781193
0.802951
0.641719
0.823758
0.662843
0.513320
0.734860
0.798149
0.731555
0.538856
0.754315
0.702343
0.849141
0.555985
0.636179
0.738429
0.763961
0.660722
0.830443
0.860115
0.709629
0.957408
0.803306
0.854965
0.847641
0.358063
0.546976
0.601366
0.720282
0.817594
0.564557
0.645165
0.963790
0.945443
0.983638
0.998240
0.837477
0.929246
0.876558
0.988082
0.692919
0.922727
0.835678
0.722649
0.747308
0.413886
0.892846
0.893166
0.942718
0.715561
0.751182
0.895196
0.837095
0.773648
0.378757
0.599449
0.941545
0.420227
0.527969
0.606433
0.877424
0.893804
0.710135
0.823327
0.648708
0.535346
0.778358
0.607419
0.642760
0.515870
0.674254
0.497071
0.640052
0.595409
0.573710
0.553184
0.635204
0.778483
0.744730
0.626365
0.604349
0.579046
0.715063
0.564109
0.581371
0.745187
0.558077
0.468172
0.380741
0.620451
0.676444
0.763104
0.635073
0.711625
0.670992
0.604075
0.481780
0.487826
0.596910
0.558376
0.537693
0.721924
0.563478
0.472040
0.652351
0.755663
0.629024
0.702286
0.611799
0.644038
0.801570
0.790602
0.695338
0.691265
0.528305
0.492909
0.455789
0.593221
0.720652
0.799674
0.744725
0.517783
0.727087
0.556326
0.743839
0.627376
0.561031
0.736415
0.335015
0.604166
0.804804
0.430055
0.385573
0.779076
0.786976
0.712960
0.821673
0.862174
0.657212
0.827849
0.568018
0.791589
0.862934
0.790288
0.449207
0.481991
0.461752
0.510547
0.738286
0.784350
0.687715
0.697673
0.775668
0.668068
0.584410
0.585805
0.674447
0.915859
0.543778
0.675255
0.544950
0.455337
0.583646
0.648794
0.607776
0.549305
0.669502
0.634443
0.625790
0.860488
0.527788
0.680586
0.524103
0.827804
0.643189
0.723896
0.729828
0.837662
0.614897
0.612425
0.574860
0.496376
0.777124
0.658775
0.535114
0.518164
0.875197
0.691284
0.935675
0.563180
0.704009
0.815787
0.547522
0.547879
0.487425
0.485403
0.476248
0.612005
0.525135
0.903237
0.653314
0.766162
0.532788
0.667218
0.747357
0.477637
0.562885
0.904491
0.540248
0.669190
0.914445
0.790069
0.520320
0.886990
0.714727
0.793771
0.606784
0.623177
0.560029
0.522612
0.855261
0.684454
0.495741
0.643776
0.754072
0.681730
0.665833
0.898680
0.597883
0.562705
0.950387
0.667806
0.870787
0.917909
0.640733
0.810777
0.499730
0.589191
0.706020
0.865929
0.520248
0.826864
0.642544
0.839290
0.506468
0.610889
0.659608
0.670782
0.973935
0.821635
0.840512
0.712387
0.920147
0.548032
0.664339
0.718935
0.777964
0.524277
0.666979
0.665080
0.866019
0.490164
0.498384
0.701383
0.675147
0.522058
0.916067
0.649109
0.762858
0.622490
0.567875
0.923830
0.771865
0.618620
0.820951
0.823725
0.633623
0.510999
0.490436
0.781189
0.463633
0.916942
0.724102
0.631306
0.508503
0.896157
0.859345
0.724085
0.639124
0.740681
0.705056
0.689784
0.617460
0.695890
0.945579
0.908399
0.869502
0.817451
0.811336
0.914973
0.875635
0.480438
0.729447
0.798365
0.723559
0.649874
0.899363
0.826532
0.708999
0.593217
0.625163
0.754582
0.745444
0.519396
0.396028
0.514743
0.618027
0.661562
0.480147
0.595550
0.707516
0.756019
0.506859
0.747724
0.407828
0.529744
0.315151
0.564496
0.693855
0.657703
0.722250
0.555440
0.658446
0.701445
0.707675
0.502437
0.503705
0.519366
0.573343
0.702181
0.632723
0.909000
0.622825
0.755993
0.572343
0.912543
0.906227
0.872648
0.732085
0.771750
0.767977
0.765205
0.855168
0.759021
0.868583
0.895799
0.832722
0.822997
0.839451
0.668119
0.605020
0.904565
0.839550
0.591553
0.888468
0.778085
0.572243
0.919645
0.761195
0.569165
0.574092
0.757140
0.827708
0.774682
0.867222
0.787630
0.668899
0.510922
0.877830
0.730556
0.693464
0.520142
0.874531
0.887639
0.787272
0.690523
0.861981
0.858638
0.500441
0.618230
0.531913
0.565031
0.523435
0.650646
0.664455
0.809779
0.680873
0.374733
0.763044
0.640666
0.934664
0.999589
0.991442
0.998082
0.989443
0.889424
0.949918
0.924579
0.980649
0.908563
0.947526
0.644373
0.897133
0.982615
0.905941
0.903962
0.923843
0.823196
0.985400
0.943610
0.951562
0.979687
0.998333
0.995625
0.979753
0.986814
0.999510
0.729600
0.999095
0.984925
0.995952
0.990581
0.993068
0.990679
0.965779
0.943765
0.995200
0.994743
0.985554
0.946642
0.992889
0.877328
0.996749
0.998439
0.994029
0.998581
0.978843
0.835296
0.526959
0.569257
0.996289
0.998619
0.869227
0.984446
0.992208
0.997381
0.661884
0.998566
0.686731
0.991426
0.968841
0.851621
0.982191
0.990745
0.794611
0.987016
0.591879
0.992998
0.823191
0.989385
0.876218
0.999421
0.979183
0.981373
0.996268
0.919049
0.858860
0.971593
0.984168
0.982599
0.991013
0.945650
0.956394
0.997228
0.996589
0.994289
0.970934
0.948669
0.678546
0.806751
0.674644
0.730045
0.658150
0.740994
0.899305
0.542286
0.964599
0.627948
0.575812
0.796283
0.693072
0.979349
0.989642
0.926043
0.476873
0.754300
0.628889
0.923216
0.992405
0.573519
0.943390
0.992740
0.988149
0.982651
0.850978
0.983462
0.950729
0.764366
0.911197
0.961510
0.982328
0.721696
0.788419
0.615774
0.514427
0.830555
0.664106
0.716647
0.517559
0.452705
0.578312
0.623731
0.509737
0.447908
0.569812
0.613834
0.549986
0.583553
0.605032
0.745183
0.684452
0.728341
0.509417
0.562468
0.751210
0.662298
0.605093
0.680579
0.749700
0.668722
0.790423
0.541891
0.515914
0.868953
0.860681
0.550919
0.936707
0.596796
0.772972
0.502198
0.618571
0.522894
0.571756
0.359848
0.377017
0.668650
0.446734
0.384616
0.517578
0.600527
0.964048
0.467694
0.563495
0.508414
0.921533
0.929227
0.578956
0.687267
0.680863
0.793186
0.573693
0.783788
0.950537
0.984038
0.838817
0.956281
0.979819
0.996504
0.781104
0.945319
0.948639
0.613706
0.824166
0.959764
0.952517
0.941368
0.934937
0.816720
0.897863
0.955196
0.912205
0.997856
0.917746
0.845840
0.934358
0.998007
0.992871
0.991266
0.991494
0.855759
0.912564
0.985914
0.981665
0.973366
0.996065
0.988777
0.917683
0.962481
0.870288
0.993945
0.953552
0.970657
0.983439
0.691223
0.769874
0.986784
0.918432
0.905305
0.872670
0.690302
0.888413
0.989210
0.904291
0.993568
0.958309
0.979415
0.995506
0.999614
0.998115
0.990748
0.950874
0.982872
0.999605
0.997433
0.995571
0.989941
0.985089
0.995813
0.992852
0.897814
0.989695
0.985241
0.992332
0.973970
0.958826
0.990671
0.999068
0.999574
0.999465
0.997138
0.840591
0.998398
0.989422
0.995344
0.999443
0.997131
0.986236
0.816546
0.992316
0.961021
0.968991
0.995021
0.999138
0.999434
0.927942
0.998603
0.995404
0.966729
0.947422
0.921481
0.984709
0.695580
0.972089
0.571249
0.772035
0.605156
0.618002
0.858355
0.907299
0.452640
0.968007
0.978761
0.951891
0.964007
0.966630
0.994405
0.998966
0.959487
0.983229
0.998657
0.925036
0.892564
0.994006
0.993342
0.998275
0.997340
0.998593
0.985040
0.989213
0.996567
0.997372
0.873275
0.991192
0.942762
0.687784
0.986339
0.999193
0.992656
0.998305
0.992010
0.999717
0.999765
0.999635
0.999304
0.967690
0.997352
0.932505
0.999773
0.956063
0.759039
0.918270
0.931548
0.924335
0.765386
0.961125
0.762303
0.885662
0.747534
0.950136
0.617531
0.847694
0.555211
0.914258
0.628995
0.650450
0.621493
0.929819
0.531991
0.804832
0.918706
0.911922
0.838889
0.866654
0.733777
0.973104
0.828819
0.884353
0.981538
0.945905
0.666570
0.617666
0.711719
0.523377
0.664633
0.423746
0.953862
0.811686
0.528140
0.893542
0.636639
0.461423
0.610823
0.575382
0.593462
0.589131
0.519927
0.723727
0.694966
0.557326
0.739566
0.609042
0.758358
0.728143
0.772868
0.533521
0.810859
0.540331
0.641142
0.966870
0.978705
0.989144
0.994574
0.995897
0.437469
0.917519
0.893702
0.908474
0.903901
0.948078
0.780244
0.746755
0.926091
0.996132
0.421427
0.938578
0.978956
0.965647
0.989508
0.957504
0.914953
0.972225
0.983745
0.848633
0.550544
0.910301
0.814105
0.571393
0.752188
0.939500
0.980908
0.589121
0.957100
0.980027
0.997914
0.567809
0.600457
0.997934
0.966585
0.669861
0.985594
0.959059
0.681096
0.953452
0.938692
0.882278
0.994501
0.832074
0.980733
0.966135
0.971581
0.633857
0.498666
0.602252
0.790300
0.995081
0.953125
0.738875
0.680025
0.839810
0.922165
0.730224
0.429256
0.972990
0.762095
0.993208
0.925336
0.982799
0.941561
0.973918
0.966562
0.790971
0.716480
0.617972
0.910119
0.976723
0.962304
0.994574
0.988497
0.993543
0.840157
0.972842
0.979850
0.770195
0.623356
0.711920
0.985671
0.998740
0.983658
0.871194
0.891119
0.962372
0.626608
0.978352
0.813712
0.968568
0.711486
0.873229
0.745773
0.995002
0.888098
0.921698
0.935377
0.793151
0.773551
0.985572
0.983595
0.974493
0.836319
0.923833
0.693993
0.966693
0.957209
0.961935
0.669523
0.989986
0.999912
0.997457
0.998137
0.999289
0.952815
0.767015
0.990724
0.993142
0.971296
0.566846
0.998647
0.998382
0.999211
0.991028
0.998107
0.872546
0.999263
0.992588
0.972918
0.813797
0.999353
0.984578
0.870421
0.457801
0.996222
0.659724
0.965780
0.782025
0.793491
0.981901
0.885079
0.721734
0.988644
0.711365
0.973299
0.991821
0.952652
0.933008
0.891933
0.990200
0.942433
0.854167
0.834369
0.997687
0.997178
0.944501
0.991222
0.997499
0.958459
0.989374
0.999155
0.994480
0.993850
0.999316
0.855911
0.999872
0.994224
0.996216
0.980153
0.998488
0.996815
0.984474
0.999661
0.862755
0.993594
0.993633
0.999635
0.879695
0.997000
0.861652
0.995156
0.998708
0.992473
0.872478
0.997711
0.998991
0.974681
0.995275
0.939014
0.999366
0.920617
0.931638
0.795808
0.895058
0.583257
0.844198
0.958939
0.848040
0.971186
0.947674
0.833777
0.940544
0.961049
0.974752
0.994666
0.900611
0.982559
0.619527
0.730462
0.886435
0.549289
0.794800
0.713017
0.961368
0.936574
0.969340
0.994608
0.955211
0.931495
0.779162
0.998987
0.942115
0.924251
0.959596
0.783372
0.933692
0.922110
0.988621
0.984957
0.901348
0.995406
0.994278
0.999788
0.997227
0.988083
0.817502
0.989824
0.997953
0.982006
0.952232
0.967385
0.997400
0.999856
0.996822
0.891735
0.998973
0.998483
0.998162
0.931100
0.949461
0.994886
0.992949
0.997802
0.997924
0.996051
0.834374
0.991560
0.991136
0.997019
0.964398
0.618132
0.821801
0.940795
0.983634
0.925635
0.986410
0.995637
0.999915
0.849212
0.949976
0.999697
0.999888
0.937005
0.981013
0.992052
0.914404
0.992700
0.486820
0.511849
0.999764
0.998945
0.985557
0.999393
0.991067
0.996316
0.997204
0.991417
0.995448
0.986023
0.992896
0.885849
0.780103
0.964459
0.617974
0.915805
0.999537
0.975850
0.644831
0.510545
0.647723
0.993765
0.984619
0.999478
0.889252
0.613680
0.963064
0.736250
0.999146
0.971432
0.978125
0.977294
0.973337
0.870846
0.413671
0.571774
0.981151
0.981860
0.986997
0.977565
0.999357
0.999567
0.998258
0.975716
0.999426
0.996608
0.999795
0.974592
0.992435
0.797397
0.999631
0.998070
0.999848
0.999202
0.999090
0.997262
0.994476
0.996374
0.999405
0.997069
0.996475
0.998544
0.999371
0.993258
0.982844
0.979486
0.997106
0.999715
0.998290
0.923950
0.992431
0.996363
0.996139
0.679935
0.999711
0.998427
0.987533
0.992561
0.999383
0.517518
0.876759
0.395347
0.997058
0.999159
0.999379
0.499251
0.788396
0.721646
0.997439
0.480686
0.993991
0.533095
0.876515
0.950494
0.677178
0.636712
0.793173
0.983042
0.995600
0.993870
0.987512
0.994464
0.799912
0.998448
0.998595
0.995376
0.994767
0.998802
0.999294
0.764032
0.998611
0.998911
0.989170
0.998446
0.988934
0.933319
0.976614
0.984679
0.982017
0.994091
0.996136
0.968693
0.506663
0.866623
0.928178
0.934126
0.509020
0.748891
0.518314
