0.707252
0.604418
0.681233
0.613897
0.591821
0.589777
0.692915
0.505200
0.598121
0.488181
0.609213
0.525185
0.484553
0.708150
0.499745
0.596442
0.530263
0.597083
0.641116
0.697512
0.741631
0.663826
0.565966
0.441107
0.462110
0.486495
0.504553
0.416366
0.434005
0.455400
0.563235
0.496735
0.507489
0.501963
0.812575
0.645642
0.624361
0.628959
0.595809
0.437036
0.549844
0.655652
0.547322
0.396609
0.498402
0.670639
0.668304
0.608678
0.529388
0.614601
0.871802
0.687847
0.506112
0.472632
0.665798
0.644129
0.644854
0.745710
0.682588
0.489360
0.511861
0.491133
0.501107
0.596452
0.636923
0.564980
0.559844
0.514281
0.396228
0.808947
0.613567
0.441032
0.698956
0.504417
0.593855
0.644617
0.692748
0.634163
0.525912
0.552232
0.578326
0.530239
0.586398
0.481162
0.723923
0.516415
0.872560
0.348716
0.566953
0.559919
0.507733
0.364714
0.447970
0.513885
0.666630
0.504320
0.709691
0.475253
0.536533
0.642880
0.504323
0.499252
0.377228
0.709581
0.473960
0.515956
0.603954
0.753288
0.777655
0.769878
0.504753
0.649622
0.804605
0.461371
0.519777
0.480035
0.419134
0.347486
0.587916
0.496777
0.548075
0.497139
0.397326
0.461863
0.464250
0.498458
0.592247
0.413919
0.618114
0.756740
0.571454
0.563342
0.633315
0.571278
0.612943
0.743842
0.538139
0.622370
0.567265
0.666090
0.415310
0.407433
0.426880
0.578190
0.744595
0.578700
0.425420
0.830027
0.798292
0.331068
0.860190
0.761665
0.415970
0.466541
0.663263
0.706642
0.594808
0.440816
0.508866
0.531485
0.638900
0.479460
0.521319
0.488018
0.556680
0.536195
0.449712
0.634841
0.477677
0.428192
0.726556
0.602403
0.538198
0.884189
0.603036
0.485186
0.512656
0.483644
0.545351
0.570745
0.460839
0.594064
0.362500
0.563340
0.797382
0.685438
0.610656
0.541127
0.493286
0.348068
0.491880
0.531633
0.492252
0.497756
0.494259
0.897485
0.506796
0.636883
0.425213
0.676468
0.610518
0.663739
0.337744
0.487259
0.557128
0.607797
0.644635
0.549682
0.537253
0.492054
0.525187
0.631861
0.571048
0.679629
0.632479
0.518571
0.492516
0.628970
0.504471
0.485081
0.696723
0.537936
0.500776
0.566662
0.504589
0.523105
0.649996
0.554997
0.678199
0.503848
0.660995
0.661337
0.537602
0.565804
0.674269
0.580744
0.480379
0.531798
0.609537
0.735869
0.576693
0.748227
0.359260
0.708236
0.519030
0.632501
0.514080
0.554588
0.491682
0.585307
0.501163
0.457330
0.566819
0.922467
0.576254
0.574313
0.616258
0.635834
0.605500
0.538727
0.617478
0.526054
0.544767
0.571733
0.351449
0.671478
0.707246
0.524785
0.512184
0.653163
0.506698
0.542171
0.623494
0.649359
0.815061
0.709042
0.810657
0.453609
0.472586
0.584580
0.527033
0.410367
0.730312
0.385306
0.464264
0.555171
0.534375
0.828698
0.606149
0.604857
0.529087
0.528355
0.778402
0.640338
0.810407
0.613885
0.289151
0.840120
0.587434
0.617384
0.466387
0.387508
0.559274
0.538811
0.702862
0.668318
0.390151
0.541190
0.832859
0.643035
0.486689
0.465423
0.511543
0.866119
0.842797
0.704035
0.996537
0.963185
0.492908
0.971036
0.495745
0.975159
0.935823
0.981940
0.950645
0.426181
0.717501
0.466649
0.832214
0.526921
0.523520
0.780010
0.528549
0.764537
0.689568
0.579011
0.718790
0.341671
0.606458
0.473630
0.806421
0.468402
0.465950
0.569760
0.502764
0.543468
0.505689
0.541607
0.941738
0.629947
0.805485
0.549829
0.540616
0.528007
0.663477
0.718613
0.902482
0.784972
0.473561
0.826056
0.925916
0.733114
0.488941
