0.915713
0.994883
0.990443
0.965050
0.919724
0.971435
0.548687
0.978708
0.822902
0.986126
0.748919
0.950011
0.970929
0.947684
0.939210
0.636010
0.983729
0.956836
0.512660
0.996088
0.683810
0.925052
0.552408
0.968139
0.932361
0.964319
0.833429
0.664517
0.993438
0.932423
0.764560
0.594296
0.522842
0.630886
0.519585
0.411565
0.833238
0.524248
0.544231
0.532173
0.926306
0.978728
0.987197
0.979369
0.965198
0.793183
0.521318
0.621625
0.821195
0.997562
0.977095
0.992527
0.774843
0.455771
0.417445
0.569592
0.823779
0.939081
0.962464
0.991549
0.958384
0.892697
0.953908
0.997063
0.915226
0.987656
0.614678
0.930477
0.986419
0.789743
0.986359
0.953280
0.974578
0.728965
0.973729
0.937820
0.977960
0.953169
0.702361
0.979080
0.945508
0.550223
0.999352
0.750169
0.949932
0.883012
0.996547
0.830852
0.633013
0.745507
0.595517
0.649207
0.875097
0.915378
0.746193
0.616067
0.993900
0.417199
0.835358
0.735201
0.854855
0.443210
0.798086
0.767314
0.981456
0.616515
0.808569
0.586374
0.826752
0.995175
0.422720
0.839016
0.870899
0.520546
0.604972
0.777247
0.964013
0.993102
0.991746
0.603174
0.800504
0.575734
0.692487
0.963412
0.750965
0.757946
0.532980
0.912398
0.889772
0.809352
0.677517
0.671702
0.764462
0.655147
0.500444
0.813705
0.880320
0.892009
0.956198
0.704136
0.580229
0.543662
0.528875
0.812192
0.910840
0.780230
0.967183
0.782766
0.964888
0.565943
0.673857
0.662808
0.638456
0.354467
0.925204
0.987275
0.625272
0.783586
0.790339
0.458613
0.464574
0.926314
0.935335
0.546961
0.883490
0.500557
0.506082
0.790248
0.663114
0.448671
0.561477
0.621991
0.628520
0.791296
0.996305
0.831069
0.974300
0.951286
0.823498
0.628172
0.897523
0.544679
0.491752
0.629710
0.997927
0.771897
0.841166
0.727723
0.933164
0.572363
0.974589
0.432842
0.662340
0.848471
0.865438
0.858757
0.512423
0.758980
0.492131
0.994899
0.808196
0.699423
0.781810
0.822849
0.949389
0.972943
0.802529
0.405517
0.779846
0.979263
0.867944
0.944173
0.887118
0.880744
0.922943
0.555760
0.835361
0.761423
0.510531
0.555881
0.965255
0.740005
0.616475
0.800977
0.872553
0.994945
0.966841
0.717884
0.965123
0.500446
0.997658
0.882462
0.794680
0.994000
0.993471
0.553934
0.465086
0.393955
0.652268
0.913439
0.680557
0.881056
0.758235
0.595648
0.951303
0.526738
0.526567
0.610504
0.512768
0.506655
0.903096
0.889672
0.530529
0.889923
0.594377
0.970852
0.678195
0.712556
0.965323
0.651367
0.990779
0.668084
0.517707
0.815470
0.891962
0.804847
0.981150
0.666175
0.962380
0.936134
0.525488
0.831326
0.887232
0.715566
0.564351
0.497588
0.754499
0.880195
0.983475
0.913648
0.879285
0.592025
0.581565
0.690309
0.641435
0.746309
0.999956
0.528857
0.902817
0.551943
0.576921
0.683116
0.677678
0.613617
0.973065
0.732434
0.828445
0.824568
0.939177
0.574174
0.863188
0.645741
0.836083
0.791403
0.999617
0.872573
0.940164
0.536638
0.907627
0.706625
0.846060
0.555223
0.672144
0.965167
0.536989
0.702136
0.800500
0.613188
0.964694
0.641031
0.969712
0.457600
0.683752
0.710183
0.715489
0.726544
0.975087
0.888728
0.891920
0.576881
0.900371
0.926570
0.743047
0.776305
0.735481
0.702059
0.604938
0.458300
0.956572
0.971599
0.802695
0.508122
0.977969
0.498263
0.465597
0.543857
0.572327
0.759346
0.862708
0.565383
0.734230
0.971545
0.682959
0.643134
0.572596
0.975849
0.920883
0.901067
0.940913
0.883859
0.575457
0.638034
0.618776
0.784122
0.673958
0.950725
0.912784
0.679642
0.595395
0.674241
0.766950
0.667866
0.908366
0.333252
1.000000
0.999999
0.982070
0.999847
0.999997
0.999999
0.999913
1.000000
1.000000
0.708067
0.776672
0.702402
0.602145
0.911213
0.578659
0.644328
0.511682
0.977306
0.553253
0.920795
0.960369
0.878473
0.860083
0.998049
0.519133
0.809565
0.922608
0.850960
0.932501
0.665029
0.917412
0.546693
0.999972
0.883255
0.988937
0.537565
0.726954
0.553856
0.999643
0.932578
0.920715
0.998055
0.823489
0.906974
0.634665
0.999983
0.829739
0.843447
