0.575003
0.513478
0.860592
0.999164
0.989613
0.995807
0.894349
0.982133
0.955488
0.612622
0.949725
0.583302
0.892504
0.937910
0.766013
0.825847
0.950636
0.990562
0.987244
0.630454
0.999224
0.999648
0.997948
0.999843
0.818964
0.941499
0.951306
0.764966
0.982522
0.910942
0.856296
0.613798
0.928170
0.638311
0.998796
0.951560
0.947489
0.933087
0.796396
0.475712
0.974831
0.965162
0.909991
0.658835
0.553747
0.940208
0.833759
0.832220
0.881407
0.619781
0.950460
0.929492
0.934504
0.976869
0.800757
0.916151
0.649686
0.951813
0.651922
0.789728
0.996167
0.984902
0.981731
0.993135
0.990928
0.998705
0.907304
0.769263
0.956912
0.996554
0.882995
0.830528
0.933205
0.999669
0.998323
0.810527
0.980598
0.831666
0.980842
0.940119
1.000000
0.994916
0.990919
0.976101
0.930515
0.971758
0.685175
0.427298
0.559995
0.773399
0.865273
0.873816
0.668020
0.366473
0.372749
0.343429
0.747723
0.451509
0.430351
0.525244
0.908665
0.412568
0.413758
0.740891
0.996469
0.880966
0.526605
0.335195
0.458461
0.595118
0.788665
0.526268
0.361711
0.713732
0.797338
0.722498
0.552187
0.998364
0.736260
0.968516
0.864077
0.491758
0.494347
0.962547
0.642824
0.784190
0.587005
0.737711
0.591278
0.832552
0.883974
0.432194
0.851386
0.606118
0.857397
0.708695
0.952396
0.938516
0.482907
0.911135
0.472083
0.888520
0.988140
0.626077
0.503912
0.993111
0.999176
0.556973
0.473022
0.650564
0.874943
0.413079
0.837445
0.968030
0.941405
0.777889
0.622373
0.940608
0.967356
0.609405
0.342108
0.830118
0.963862
0.988927
0.809713
0.948603
0.828548
0.632406
0.777581
0.999687
0.862047
0.978753
0.974303
0.945843
0.470065
0.892785
0.912831
0.926439
0.731440
0.933294
0.698486
0.696651
0.951709
0.934374
0.805895
0.968668
0.491695
0.820286
0.994098
0.981637
0.576045
0.882209
0.824948
0.868430
0.566356
0.523227
0.802908
0.610203
0.291108
0.649608
0.773896
0.484370
0.570182
0.408637
0.923016
0.513272
0.899908
0.913618
0.866860
0.777724
0.604623
0.993083
0.694972
0.975350
0.732260
0.889407
0.995987
0.976785
0.649447
0.527723
0.609134
0.841927
0.844836
0.975097
0.978660
0.943771
0.991795
0.678692
0.887163
0.989536
0.620725
0.990732
0.862429
0.540297
0.931845
0.932442
0.979724
0.592653
0.974792
0.813815
0.828711
0.498663
0.504240
0.815631
0.743341
0.714994
0.967988
0.798900
0.762865
0.519604
0.934491
0.637713
0.681884
0.827873
0.977430
0.716102
0.521135
0.674317
0.998236
0.527197
0.977274
0.679636
0.988580
0.433073
0.872227
0.951390
0.459997
0.868573
0.999930
0.999306
0.939415
0.884567
0.825190
0.824899
0.637460
0.558547
0.766096
0.849610
0.727363
0.548951
0.810609
0.521387
0.520085
0.499608
0.907082
0.460589
0.630903
0.657657
0.827205
0.687339
0.985189
0.620710
0.499036
0.973042
0.435621
0.444808
0.948941
0.961761
0.978835
0.898965
0.540814
0.625793
0.899166
0.716301
0.740272
0.871546
0.863135
0.813529
0.990470
0.416264
0.553239
0.759171
0.467685
0.441522
0.429249
0.525509
0.578895
0.638724
0.587439
0.877944
0.672019
0.766691
0.992115
0.901040
0.455188
0.374863
0.795383
0.718918
0.381572
0.300028
0.746112
0.501204
0.444215
0.548392
0.987849
0.955749
0.914267
0.883071
0.988292
0.736541
0.984349
0.930846
0.821285
0.727884
0.788719
0.611109
0.639520
0.767164
0.494003
0.723287
0.554091
0.515481
0.906271
0.857324
0.585502
0.976149
0.568158
0.513796
0.734596
0.882596
0.595399
0.846827
0.993878
0.555640
0.346656
0.894979
0.616659
0.511670
0.846955
0.685693
0.848605
0.654699
0.678355
0.530553
0.593242
0.641450
0.887137
0.956787
0.965361
0.778980
0.904419
0.918214
0.967679
0.649361
0.637028
0.730127
