0.813326
0.943131
0.968226
0.929429
0.943485
0.839399
0.927862
0.893868
0.933942
0.734965
0.817538
0.902690
0.761056
0.528500
0.942695
0.928064
0.894869
0.736123
0.893677
0.909989
0.902670
0.734412
0.317183
0.761317
0.728127
0.627410
0.452193
0.665047
0.870709
0.664624
0.634495
0.565439
0.897850
0.668622
0.907919
0.661948
0.808947
0.939574
0.936899
0.863879
0.710412
0.596449
0.913782
0.488240
0.900702
0.784881
0.893357
0.883954
0.949188
0.800023
0.875847
0.588476
0.938562
0.947680
0.793517
0.899627
0.812430
0.827864
0.868245
0.600166
0.821596
0.767841
0.594961
0.760361
0.902412
0.798852
0.917857
0.954264
0.486415
0.868035
0.842341
0.584257
0.856514
0.969856
0.611978
0.594994
0.770833
0.943492
0.865210
0.821132
0.868414
0.473337
0.336827
0.986812
0.425558
0.488310
0.440216
0.544855
0.683080
0.455639
0.429850
0.456867
0.842112
0.649013
0.582265
0.446484
0.572392
0.344173
0.644424
0.796615
0.539449
0.490985
0.643404
0.628045
0.981107
0.962482
0.619887
0.719324
0.429146
0.407900
0.661307
0.722956
0.968357
0.697572
0.671343
0.498893
0.727951
0.603996
0.494664
0.650927
0.575697
0.456318
0.421078
0.952431
0.821774
0.903016
0.446921
0.797938
0.891878
0.553914
0.573968
0.336740
0.525040
0.564595
0.907963
0.888604
0.715289
0.941499
0.728807
0.528675
0.801068
0.781089
0.717852
0.470769
0.432311
0.715743
0.809191
0.650035
0.905120
0.921256
0.602017
0.608415
0.886450
0.820021
0.822015
0.826311
0.727557
0.876421
0.456345
0.836605
0.877532
0.783346
0.920706
0.793271
0.526098
0.650089
0.675995
0.551331
0.883017
0.843959
0.951222
0.888804
0.741256
0.469289
0.683635
0.834148
0.567609
0.739573
0.629228
0.669163
0.717159
0.697453
0.375851
0.479571
0.654872
0.914927
0.617755
0.871740
0.539172
0.469579
0.607113
0.480377
0.417460
0.967910
0.990586
0.415248
0.656416
0.435392
0.748279
0.627364
0.695050
0.659658
0.445257
0.576458
0.762125
0.468325
0.406382
0.499907
0.436320
0.501107
0.430349
0.786672
0.567769
0.668789
0.761369
0.588496
0.596134
0.698276
0.569178
0.505210
0.690085
0.578480
0.619589
0.511877
0.588283
0.546662
0.426445
0.599805
0.483862
0.617798
0.757313
0.434513
0.441476
0.950625
0.828292
0.640876
0.744571
0.759198
0.763707
0.564876
0.812696
0.915834
0.689470
0.824662
0.749456
0.440832
0.912795
0.411048
0.490080
0.986367
0.668181
0.689067
0.808342
0.562107
0.583523
0.818454
0.619369
0.770830
0.531027
0.952382
0.636028
0.417486
0.489804
0.529193
0.892537
0.491168
0.660379
0.641697
0.650454
0.876094
0.498176
0.847892
0.799000
0.920337
0.552192
0.708747
0.651495
0.650249
0.796671
0.761779
0.542089
0.365168
0.657136
0.771062
0.785888
0.662752
0.788280
0.702052
0.540524
0.632751
0.633093
0.545197
0.470338
0.712384
0.970837
0.483340
0.712504
0.390555
0.934465
0.655914
0.856106
0.724425
0.469168
0.862051
0.510409
0.925537
0.458927
0.324564
0.380456
0.628112
0.409242
0.716779
0.411751
0.559820
0.556255
0.981585
0.356648
0.993404
0.966913
0.887809
0.973311
0.979417
0.965877
0.950842
0.969031
0.974409
0.526537
0.514419
0.835238
0.889005
0.508632
0.405244
0.929565
0.561924
0.706286
0.468523
0.526472
0.487579
0.375175
0.651855
0.975075
0.567861
0.532844
0.726698
0.598491
0.944932
0.527236
0.448527
0.462666
0.456423
0.699378
0.449041
0.617798
0.452162
0.398787
0.851132
0.434409
0.697998
0.919172
0.677832
0.767423
0.549977
0.616390
0.986622
0.978893
0.433085
0.324285
0.981230
0.595250
0.481310
0.370144
