0.445498
0.949114
0.948496
0.781799
0.601946
0.528895
0.566580
0.536693
0.804907
0.640113
0.943480
0.609910
0.851594
0.825142
0.684305
0.575163
0.810803
0.718942
0.905448
0.849260
0.558021
0.552384
0.696134
0.587076
0.474208
0.961369
0.610133
0.783156
0.851016
0.671382
0.554440
0.641844
0.677672
0.661925
0.649801
0.591561
0.852997
0.518301
0.380125
0.753985
0.672241
0.564759
0.873021
0.687805
0.987139
0.777755
0.852362
0.582301
0.672310
0.697453
0.695548
0.753097
0.780539
0.651529
0.847780
0.602657
0.651664
0.713404
0.922446
0.853540
0.961790
0.559048
0.496319
0.839799
0.495667
0.751693
0.594648
0.775664
0.935119
0.761233
0.610562
0.618224
0.505593
0.808648
0.436276
0.696083
0.595744
0.896661
0.559520
0.547062
0.601949
0.517206
0.812316
0.463630
0.351094
0.481629
0.352607
0.463038
0.662416
0.577010
0.701420
0.313432
0.625660
0.633604
0.502128
0.847594
0.509530
0.574562
0.745973
0.511522
0.750599
0.720764
0.830353
0.555240
0.546876
0.461391
0.574313
0.515207
0.952422
0.909523
0.659467
0.481545
0.699717
0.556621
0.443532
0.593130
0.575350
0.381206
0.882881
0.631958
0.738061
0.704138
0.919169
0.671162
0.565923
0.813817
0.727747
0.613406
0.657099
0.499776
0.560327
0.648668
0.738260
0.689702
0.567305
0.703896
0.860821
0.592466
0.484163
0.532846
0.633081
0.639555
0.687943
0.508055
0.524516
0.654572
0.668949
0.494115
0.480422
0.566412
0.533205
0.643387
0.668678
0.642468
0.712267
0.908923
0.595867
0.624330
0.473956
0.553423
0.902568
0.670329
0.715490
0.810292
0.667906
0.856325
0.593965
0.615993
0.402220
0.572996
0.511592
0.807016
0.813174
0.687964
0.820148
0.619676
0.976045
0.568219
0.739569
0.409599
0.513657
0.920463
0.969295
0.801685
0.763013
0.710291
0.667647
0.648783
0.648428
0.582924
0.971078
0.686187
0.623946
0.621856
0.505696
0.513318
0.639920
0.683846
0.664012
0.934656
0.528930
0.998907
0.497451
0.543348
0.672707
0.630286
0.619078
0.791123
0.763036
0.667507
0.640158
0.716453
0.626444
0.607349
0.856902
0.849606
0.790145
0.645984
0.661053
0.540946
0.638169
0.620792
0.912061
0.506079
0.543754
0.725200
0.597493
0.839476
0.623020
0.914422
0.430063
0.514432
0.570065
0.858223
0.734363
0.521950
0.602204
0.467632
0.625172
0.829410
0.504828
0.718522
0.517633
0.843294
0.980641
0.699135
0.644282
0.611389
0.562164
0.565781
0.711363
0.973782
0.493403
0.495776
0.497168
0.828972
0.694160
0.559097
0.945852
0.658045
0.433235
0.764957
0.544826
0.982352
0.460164
0.589162
0.394000
0.639072
0.683518
0.503848
0.994777
0.490376
0.815010
0.487246
0.566536
0.428523
0.543823
0.584626
0.764505
0.872003
0.352834
0.695327
0.722783
0.692657
0.666757
0.617737
0.482232
0.799536
0.680373
0.898522
0.421279
0.808015
0.412999
0.505752
0.695586
0.494308
0.462882
0.828994
0.742791
0.577939
0.520426
0.475277
0.544947
0.568088
0.985992
0.844964
0.639683
0.940979
0.475787
0.930692
0.890680
0.481521
0.698679
0.438073
0.475862
0.556525
0.687433
0.672755
0.981263
0.802632
0.444784
0.999759
0.891847
0.514984
0.958036
0.980836
0.999585
0.836542
0.950353
0.990212
0.558170
0.893739
0.758254
0.866231
0.599954
0.482511
0.515058
0.946645
0.617207
0.491890
0.479009
0.723393
0.652738
0.359510
0.899351
0.450074
0.483368
0.592435
0.565707
0.600650
0.699720
0.990252
0.855623
0.991867
0.891833
0.671144
0.969735
0.645510
0.791098
0.666909
0.629096
0.587810
0.398945
0.317036
0.556674
0.936115
0.978458
0.641833
0.942958
0.801690
0.538641
0.624337
0.537257
0.571031
0.575837
0.823877
0.577153
0.586474
0.702007
0.685772
0.574429
0.946657
0.620412
0.934630
0.967954
0.568832
0.693883
0.878590
0.849832
