0.922152
0.904020
0.925192
0.500391
0.935466
0.909434
0.835214
0.846723
0.935620
0.884942
0.915938
0.916701
0.896528
0.722099
0.885618
0.920249
0.726282
0.912319
0.942828
0.887065
0.892996
0.905297
0.902488
0.912201
0.895657
0.885324
0.894270
0.904038
0.909183
0.919246
0.901514
0.900130
0.896642
0.893398
0.913494
0.896747
0.874548
0.794136
0.922158
0.905931
0.924417
0.922662
0.909698
0.891098
0.896251
0.566015
0.938086
0.926200
0.910472
0.898810
0.748026
0.515901
0.928075
0.901255
0.909954
0.888671
0.902174
0.918333
0.914612
0.905087
0.932905
0.909297
0.860550
0.907606
0.910159
0.891572
0.920960
0.915405
0.929106
0.915946
0.929404
0.923475
0.913428
0.891617
0.926464
0.934790
0.908843
0.831055
0.898421
0.899787
0.882014
0.884700
0.920340
0.497462
0.907859
0.920958
0.920272
0.909053
0.914629
0.829163
0.915295
0.915207
0.937819
0.854501
0.867893
0.905884
0.893909
0.931469
0.915943
0.764822
0.911883
0.758158
0.896776
0.894842
0.931264
0.918942
0.915667
0.909133
0.904975
0.891827
0.888324
0.814771
0.899026
0.920466
0.901074
0.908584
0.865007
0.912144
0.913511
0.895674
0.901266
0.905350
0.921975
0.917539
0.900408
0.902761
0.906640
0.517546
0.908134
0.895371
0.890273
0.881825
0.888803
0.895789
0.703443
0.891830
0.850011
0.829982
0.952831
0.721893
0.899648
0.928138
0.939127
0.931538
0.936956
0.928910
0.933686
0.933500
0.778731
0.976917
0.968046
0.932692
0.838916
0.905414
0.938865
0.680207
0.698653
0.951167
0.932275
0.938142
0.863479
0.906192
0.894428
0.903636
0.938053
0.827196
0.860876
0.913103
0.927990
0.958393
0.949883
0.840911
0.966880
0.940011
0.847909
0.643953
0.815496
0.935924
0.950246
0.962962
0.841076
0.614419
0.423069
0.508053
0.680217
0.826476
0.912363
0.511230
0.820439
0.761167
0.507663
0.716077
0.883801
0.887259
0.902879
0.881738
0.827692
0.774321
0.606527
0.896205
0.772715
0.731794
0.820605
0.796638
0.673727
0.910685
0.960263
0.912720
0.770925
0.906026
0.809352
0.804845
0.530625
0.596776
0.864968
0.520027
0.482920
0.708430
0.621762
0.888003
0.868145
0.556474
0.599338
0.851584
0.666965
0.498753
0.467534
0.836152
0.696867
0.455401
0.678696
0.471274
0.656753
0.931033
0.960001
0.935305
0.921434
0.933129
0.938691
0.905847
0.935332
0.946580
0.944841
0.949113
0.841724
0.936999
0.931307
0.941557
0.941389
0.944977
0.895168
0.870380
0.931939
0.906727
0.600849
0.839410
0.833751
0.509725
0.981075
0.800994
0.919682
0.700705
0.852732
0.873137
0.939448
0.829601
0.582669
0.933339
0.899774
0.889074
0.931759
0.886636
0.812101
0.624523
0.907370
0.927300
0.913480
0.895245
0.933874
0.898545
0.835145
0.763861
0.844449
0.942690
0.412756
0.858228
0.731224
0.514463
0.817766
0.720476
0.819813
0.676092
0.818540
0.890135
0.876034
0.826143
0.884709
0.922057
0.878688
0.692013
0.858334
0.701427
0.955067
0.848935
0.930184
0.723566
0.862568
0.738295
0.925274
0.873273
0.651835
0.939871
0.890235
0.685946
0.951129
0.693529
0.883444
0.758204
0.797563
0.953809
0.951759
0.966523
0.924428
0.905293
0.891645
0.940371
0.487851
0.797498
0.875788
0.602789
0.946926
0.967152
0.924656
0.911186
0.752684
0.852539
0.960110
0.949537
0.959505
0.934396
0.460094
0.775927
0.938466
0.941501
0.880280
0.873618
0.935317
0.788108
0.870618
0.793484
0.872226
0.862336
0.914956
0.951095
0.856564
0.639102
0.882377
0.694103
0.923945
0.916408
0.872212
0.955709
0.908880
0.926693
0.895434
0.681750
0.883030
0.906998
0.783417
0.895074
0.930249
0.909708
0.911984
0.925306
0.924756
0.918507
0.941145
0.921304
0.894895
0.929055
0.813572
0.889994
0.953244
0.915996
0.927492
0.895876
0.947578
0.959858
0.936567
0.949746
0.930420
0.913434
0.884219
0.937196
0.851422
0.928056
0.916114
0.878280
0.899888
0.853551
0.907438
0.910034
0.906810
0.480581
0.795160
0.613084
0.779347
0.826171
0.897142
0.919762
0.932122
0.936162
0.885760
0.931398
0.918781
0.908960
0.936447
0.877531
0.935716
0.968556
0.946436
0.965740
0.913898
0.909978
0.941418
0.966600
0.941754
0.955523
0.864249
0.978692
0.949980
0.969224
0.942540
0.850116
0.952129
0.945135
0.951391
0.949332
0.921879
0.719934
0.831843
0.804019
0.855304
0.958375
0.873974
0.496312
0.842203
0.913689
0.868140
0.912472
0.873315
0.858012
0.828345
0.872127
0.890815
0.911787
0.824788
0.914288
0.884613
0.596916
0.850523
0.693169
0.920437
0.881423
0.790927
0.613425
0.917527
0.892712
0.718512
0.842773
0.844577
0.669975
0.752608
0.841068
0.884712
0.746529
0.873259
0.857957
0.906247
0.898177
0.931038
0.779167
0.765222
0.874154
0.883524
0.901511
0.922437
0.903454
0.915617
0.884953
0.778151
0.899443
0.869090
0.896956
0.925587
0.929857
0.746133
0.877559
0.893963
0.668332
0.914250
0.901292
0.849013
0.705771
0.906031
0.917238
0.936407
0.879251
0.886989
0.919360
0.894168
0.875315
0.593715
0.579205
0.930113
0.843206
0.881385
0.881790
0.874045
0.870140
0.906464
0.894632
0.725710
0.831200
0.875527
0.635842
0.831185
0.891980
0.897176
0.895985
0.884202
0.749780
0.877079
0.440897
0.884580
0.896886
0.905958
0.884780
0.899473
0.917379
0.629284
0.680951
0.764275
0.897130
0.912303
0.916718
0.925745
0.829036
0.893780
0.886703
0.890891
0.940975
0.872680
0.866013
0.913135
0.899548
0.800081
0.885128
0.811854
0.834877
0.919718
0.915439
0.781187
0.862820
0.944144
0.774382
0.746927
0.934643
0.819923
0.621249
0.754310
0.793388
0.616302
0.451827
0.922954
0.846131
0.817698
0.867007
0.855825
0.636642
0.861691
0.862113
0.864084
0.874513
0.919346
0.912614
0.929444
0.928472
0.894318
0.931648
0.830569
0.933856
0.963115
0.933627
0.949205
0.910332
0.980286
0.918318
0.942236
0.862323
0.870871
0.880796
0.927040
0.854260
0.887864
0.871544
0.902260
0.756985
0.943265
0.928358
0.870428
0.967040
0.889453
0.934572
0.959209
0.828505
0.786406
0.882936
0.921436
0.855934
0.737384
0.886821
0.888445
0.904862
0.879864
0.867262
0.846726
0.899271
0.836552
0.915751
0.309509
0.892705
0.688921
0.875723
0.880321
0.555842
0.850890
0.860024
0.911384
0.700048
0.702023
0.903253
0.804841
0.758651
0.939612
0.911845
0.917610
0.884111
0.645191
0.911352
0.857417
0.685525
0.314908
0.477419
0.676750
0.963154
0.498248
0.958358
0.792950
0.943916
0.879479
0.902261
0.735107
0.863409
0.789444
0.832297
0.850099
0.963832
0.799978
0.855287
0.930640
0.687535
0.911485
0.623913
0.689985
0.732115
0.852356
0.715481
0.877275
0.935524
0.955821
0.866142
0.911854
0.950139
0.860316
0.785575
0.776278
0.892773
0.867429
0.604768
0.920402
0.859703
0.824399
0.745338
0.940943
0.961874
0.925725
0.880875
0.644429
0.817656
0.926184
0.973362
0.947316
0.967568
0.553463
0.714684
0.609023
0.918964
0.931952
0.559917
0.804823
0.693416
0.727203
0.906703
0.811438
0.592450
0.936984
0.958818
0.563820
0.907416
0.955266
0.861262
0.969996
0.539257
0.932509
0.935656
0.967195
0.941084
0.893780
0.873154
0.869039
0.467037
0.608510
0.797944
0.771429
0.859478
0.945486
0.911562
0.888166
0.878249
0.859347
0.922947
0.939941
0.879600
0.772353
0.880030
0.752708
0.785722
0.925273
0.908963
0.874516
0.795500
0.835098
0.938542
0.942457
0.803166
0.957976
0.964497
0.965283
0.946752
0.811450
0.513916
0.513748
0.927367
0.914955
0.875703
0.766168
0.854941
0.900945
0.597924
0.893407
0.534953
0.554331
0.888965
0.911929
0.924854
0.935823
0.955813
0.796353
0.860994
0.931971
0.856627
0.680798
0.828787
0.977400
0.865085
0.739985
0.483766
0.931474
0.961544
0.981732
0.866605
0.836440
0.790936
0.790550
0.919702
0.761554
0.886745
0.855046
0.557057
0.936683
0.621891
0.976641
0.916621
0.932063
0.576838
0.804475
0.760691
0.880183
0.656827
0.895916
0.870312
0.935396
0.559942
0.908688
0.886766
0.929911
0.911503
0.931488
0.776289
0.832452
0.867616
0.928335
0.815297
0.716749
0.901418
0.895623
0.801813
0.832428
0.940633
0.960762
0.528411
0.525060
0.924915
0.828054
0.896368
0.792483
0.872690
0.732819
0.764070
0.950655
0.688748
0.577772
0.810089
0.820773
0.863953
0.686092
0.533812
0.758827
0.812586
0.597213
0.933103
0.930386
0.675615
0.960417
0.652975
0.781732
0.583130
0.644166
0.874474
0.825191
0.505900
0.934515
0.976842
0.928155
0.955244
0.939176
0.957792
0.877590
0.966111
0.939647
0.900855
0.691642
0.887991
0.959538
0.864339
0.893444
0.910689
0.907097
0.874839
0.856566
0.730871
0.468704
0.663499
0.882298
0.889540
0.924396
0.937732
0.807872
0.440094
0.866411
0.974868
0.957973
0.970576
0.516347
0.598667
0.775485
0.957875
0.781819
0.903081
0.881331
0.953896
0.919517
0.946570
0.773667
0.805021
0.915017
0.935451
0.915267
0.922992
0.932185
0.947178
0.921796
0.896614
0.867202
0.885787
0.771033
0.955017
0.933039
0.875331
0.944769
0.893072
0.919898
0.945547
0.751996
0.888506
0.856541
0.608467
0.858919
0.944216
0.923824
0.923511
0.935184
0.861701
0.862976
0.945689
0.903607
0.928106
0.931095
0.935791
0.958555
0.938863
0.747449
0.971474
0.952203
0.919875
0.512796
0.584024
0.774356
0.926625
0.715145
0.969156
0.769295
0.913870
0.873822
0.937125
0.909623
0.813868
0.893676
0.910980
0.906074
0.870930
0.903914
0.855941
0.882721
0.900540
0.887156
0.853372
0.917002
0.877234
0.910491
0.913870
0.918086
0.902085
0.892542
0.543605
0.935068
0.933812
0.917963
0.921528
0.888716
0.796364
0.909090
0.895278
0.899283
0.680563
0.909415
0.885978
0.860229
0.901147
0.889929
0.365467
0.920206
0.918648
0.890948
0.887890
0.917463
0.769187
0.548568
0.786796
0.906997
0.941727
0.482887
0.878267
0.892226
0.891466
0.925635
0.912397
0.869931
0.912591
0.888361
0.668806
0.887837
0.888967
0.755225
0.911650
0.688363
0.891713
0.797587
0.894884
0.859255
0.907828
0.933254
0.862526
0.902747
0.576850
0.736055
0.914682
0.897530
0.886729
0.902382
0.877209
0.874203
0.864183
0.889391
0.915071
0.863049
0.646145
0.924565
0.917658
0.756376
0.803427
0.937471
0.915976
0.907460
0.825345
0.848407
0.913762
0.832255
0.946032
0.893425
0.902797
0.917024
0.939170
0.499343
0.874044
0.839595
0.842550
0.907329
0.499834
0.831180
0.889899
0.890791
0.898105
0.830552
0.893758
0.853560
0.776225
0.925336
0.920167
0.918139
0.882906
0.587130
0.866601
0.746454
0.885910
0.866177
0.859467
0.897799
0.818666
0.945371
0.962328
0.913577
0.943125
0.910738
0.929181
0.946482
0.941202
0.961119
0.922777
0.910498
0.741679
0.926653
0.702277
0.857861
0.976529
0.906056
0.845167
0.816860
0.668594
0.754525
0.701686
0.900856
0.911465
0.861058
0.790714
0.726806
0.931800
0.817621
0.879656
0.932962
0.943162
0.716367
0.894767
0.899620
0.911217
0.891783
0.863470
0.950512
0.954207
0.556388
0.533242
0.406484
0.903510
0.623182
0.649098
0.874115
0.937650
0.778640
0.890379
0.848687
0.808439
0.895464
0.867702
0.768715
0.947155
0.937874
0.809439
0.700897
0.966858
0.682850
0.863284
0.903342
0.855335
0.915725
0.843207
0.867021
0.863737
0.852397
0.798720
0.706037
0.501377
0.750022
0.857199
0.882793
0.902403
0.901327
0.862099
0.894494
0.902979
0.884447
0.898140
0.844618
0.911758
0.872541
0.910729
0.883631
0.883147
0.854206
0.888236
0.853177
0.917677
0.929931
0.916771
0.925245
0.906493
0.946017
0.947853
0.931703
0.903892
0.949194
0.930919
0.924866
0.953088
0.907632
0.913204
0.929310
0.911901
0.649424
0.914362
0.922078
0.906239
0.919398
0.924251
0.935716
0.913144
0.916844
0.948528
0.957001
0.888278
0.847540
0.888372
0.928883
0.948859
0.920520
0.918174
0.933822
0.925700
0.918755
0.903890
0.922229
0.919711
0.877919
0.890471
0.906620
0.916350
0.920222
0.901216
0.925747
0.941556
0.894852
0.934235
0.912973
0.906985
0.892964
0.889326
0.904075
0.907013
0.920705
0.898782
0.850992
0.699881
0.898994
0.928987
0.936370
0.899619
0.888743
0.919721
0.898564
0.831046
0.793801
0.918169
0.893445
0.901318
0.889010
0.872082
0.897971
0.886037
0.928242
0.893346
0.903375
0.910098
0.517786
0.971038
0.848135
0.484269
0.914868
0.963295
0.426556
0.957138
0.729341
0.990484
0.878762
0.884586
0.911149
0.906508
0.921078
0.906730
0.903148
0.910492
0.913172
0.824315
0.876631
0.901630
0.901208
0.910330
0.910741
0.888734
0.879306
0.913330
0.903148
0.855192
0.904427
0.915410
0.862972
0.919586
0.924206
0.900689
0.917791
0.946757
0.903545
0.906025
0.922817
0.915601
0.911492
0.904133
0.908094
0.635200
0.913633
0.996937
0.930532
0.983443
0.989864
0.881469
0.958619
0.997483
0.953786
0.972194
0.765396
0.988646
0.725119
0.557836
0.703219
0.990358
0.860392
0.403378
0.894763
0.773959
0.805831
0.885651
0.885608
0.760563
0.845010
0.829568
0.973850
0.922587
0.889758
0.807297
0.891040
0.786711
0.896399
0.903105
0.936185
0.891420
0.696542
0.952088
0.706339
0.651504
0.548972
0.423615
0.818601
0.821907
0.373773
0.485764
0.685317
0.495544
0.929911
0.570290
0.972640
0.995376
0.944191
0.488858
0.903011
0.907704
0.895371
0.906670
0.919299
0.904189
0.905034
0.883178
0.900240
0.932002
0.832353
0.869273
0.745989
0.882476
0.905447
0.736506
0.909837
0.900345
0.870397
0.935120
0.922598
0.883027
0.885330
0.884357
0.897159
0.908983
0.920379
0.821836
0.900525
0.874019
0.892270
0.915749
0.817467
0.757743
0.918625
0.907443
0.385742
0.919711
0.870229
0.913520
0.904883
0.918687
0.867803
0.875916
0.432460
0.902464
0.913473
0.935572
0.839905
0.827205
0.911214
0.868064
0.913683
0.891269
0.907404
0.889027
0.885350
0.706845
0.868753
0.528071
0.873796
0.851465
0.889724
0.385638
0.889015
0.898658
0.905524
0.719739
0.934108
0.916877
0.819221
0.897049
0.539310
0.870574
0.887906
0.899603
0.928609
0.892964
0.900853
0.747617
0.879281
0.934864
0.875874
0.866370
0.887687
0.926763
0.908877
0.947493
0.887531
0.902990
0.909901
0.886677
0.911948
0.916460
0.930777
0.896404
0.854277
0.946238
0.827916
0.879999
0.580140
0.891684
0.918970
0.893780
0.785018
0.889470
0.832002
0.838893
0.884164
0.883295
0.734942
0.724194
0.884548
0.896081
0.903787
0.881693
0.913559
0.953938
0.971304
0.901528
0.891183
0.976547
0.959576
0.917416
0.883080
0.897439
0.898867
0.850359
0.971953
0.918675
0.912454
0.966849
0.862577
0.900847
0.874145
0.976257
0.881855
0.900546
0.988863
0.756030
0.885989
0.995955
0.916962
0.956076
0.966785
0.998639
0.764101
0.894754
0.929661
0.951208
0.951863
0.930598
0.908413
0.852171
0.928899
0.903977
0.917644
0.898413
0.917075
0.913615
0.898811
0.911702
0.907423
0.929556
0.933674
0.895891
0.957683
0.939613
0.914940
0.899377
0.907387
0.919568
0.919755
0.900345
0.911121
0.918006
0.908585
0.924435
0.915042
0.912502
0.928854
0.912243
0.882338
0.900986
0.902973
0.909671
0.901202
0.914347
0.908132
0.898198
0.914059
0.857352
0.917260
0.896652
0.904974
0.848862
0.892994
0.866669
0.929345
0.905990
0.921076
0.918205
0.939264
0.938417
0.929656
0.931479
0.933740
0.552385
0.887206
0.941452
0.945061
0.877499
0.900851
0.933922
0.874345
0.904504
0.905515
0.768734
0.922424
0.918617
0.902794
0.922841
0.925413
0.909214
0.916628
0.888151
0.914218
0.916771
0.888120
0.905154
0.912019
0.954919
0.885186
0.884129
0.907925
0.899543
0.906461
0.897943
0.902458
0.848608
0.887717
0.898879
0.910136
0.921498
0.898036
0.889603
0.898332
0.895980
0.900088
0.957610
0.883620
0.883785
0.903801
0.904367
0.910078
0.905713
0.909735
0.939097
0.941777
0.810546
0.946629
0.921889
0.937093
0.927708
0.893540
0.935947
0.638136
0.925696
0.897964
0.928758
0.856255
0.912136
0.926274
0.901379
0.932204
0.483082
0.768719
0.911781
0.911900
0.907771
0.937382
0.905746
0.934891
0.921129
0.897365
0.895001
0.928935
0.917106
0.839045
0.904551
0.902254
0.890823
0.932090
0.920594
0.902582
0.750273
0.742422
0.916422
0.885691
0.912161
0.930609
0.903988
0.923267
0.695924
0.929949
0.912344
0.914590
0.894593
0.876591
0.895091
0.898801
0.898854
0.914360
0.881741
0.905700
0.905553
0.934665
0.924590
0.921136
0.945318
0.909077
0.940011
0.917788
0.875030
0.899707
0.916269
0.905744
0.904200
0.930729
0.895047
0.896570
0.919386
0.923674
0.914393
0.904904
0.906182
0.916922
0.888453
0.934321
0.909832
0.926269
0.921042
0.911913
0.862966
0.911639
0.910163
0.918588
0.835294
0.930754
0.917374
0.916786
0.921399
0.890702
0.764147
0.909675
0.481531
0.909825
0.907356
0.900527
0.809073
0.634260
0.890068
0.689639
0.903162
0.938068
0.942039
0.958260
0.730874
0.951470
0.938053
0.851485
0.924138
0.932237
0.917257
0.932500
0.835264
0.921986
0.912807
0.913192
0.925240
0.916458
0.909938
0.945556
0.920765
0.911391
0.898520
0.908256
0.891648
0.787384
0.882442
0.888958
0.903915
0.857248
0.890509
0.885025
0.655438
0.939609
0.481662
0.951097
0.716213
0.692418
0.789176
