0.963597
0.999486
0.998917
0.954107
0.912244
0.719975
0.999283
0.954311
0.514139
0.818134
0.815472
0.900803
0.996400
0.999386
0.982159
0.729069
0.914235
0.987404
0.646815
0.741602
0.791151
0.994101
0.851525
0.973020
0.910479
0.633379
0.818789
0.772929
0.999711
0.984079
0.895392
0.998435
0.960434
0.897106
0.966595
0.673440
0.781579
0.818966
0.933412
0.995541
0.999734
0.997580
0.996737
0.997419
0.933839
0.679205
0.649951
0.988447
0.999288
0.983457
0.981216
0.996798
0.999499
0.999130
0.950046
0.939939
0.694262
0.989320
0.529953
0.933001
0.799332
0.997179
0.953831
0.953636
0.881475
0.999812
0.993476
0.743618
0.461972
0.994674
0.904909
0.471960
0.566942
0.999788
0.501494
0.965314
0.958162
0.984476
0.508611
0.777309
0.992845
0.922984
0.773661
0.697295
0.998068
0.563467
0.965768
0.707496
0.682610
0.692370
0.979954
0.980019
0.945037
0.521140
0.982220
0.988375
0.804204
0.473958
0.954419
0.534802
0.997818
0.998820
0.537066
0.653454
0.726063
0.993558
0.838485
0.904902
0.940029
0.923629
0.404216
0.647335
0.888212
0.910808
0.957120
0.748495
0.946179
0.491776
0.748104
0.541875
0.722889
0.908126
0.836896
0.941660
0.926343
0.512477
0.988707
0.834826
0.952076
0.834470
0.637120
0.697433
0.474034
0.468110
0.984629
0.548851
0.997179
0.970743
0.999611
0.976895
0.713498
0.846036
0.882327
0.536684
0.990041
0.531646
0.705506
0.775394
0.970780
0.799097
0.723313
0.976335
0.456754
0.654185
0.814522
0.759258
0.717389
0.946739
0.772493
0.845481
0.603923
0.999891
0.999443
0.952431
0.754076
0.999610
0.856519
0.978346
0.481060
0.359055
0.717482
0.911049
0.993682
0.563340
0.928947
0.934185
0.450701
0.994154
0.572783
0.919639
0.773186
0.816180
0.904747
0.869509
0.969401
0.544199
0.539483
0.499955
0.935094
0.975359
0.990702
0.609173
0.954595
0.999887
0.851319
0.767421
0.948636
0.995068
0.878808
0.983770
0.949262
0.777982
0.950722
0.985124
0.969678
0.740510
0.840179
0.670918
0.759718
0.948205
0.669309
0.998004
0.521400
0.427120
0.964500
0.840973
0.982712
0.999622
0.973202
0.995504
0.999675
0.990249
0.978093
0.732941
0.901874
0.525981
0.739380
0.870544
0.724171
0.758889
0.626861
0.947220
0.862069
0.865464
0.531390
0.999637
0.998127
0.899480
0.998579
0.999756
0.378243
0.996753
0.983150
0.710558
0.846592
0.925724
0.953537
0.852153
0.980794
0.630110
0.959078
0.995210
0.992603
0.999968
0.990851
0.977693
0.886421
0.996780
0.953962
0.964514
0.999685
0.989529
0.993205
0.970304
0.955170
0.989700
0.503109
0.763956
0.993318
0.890099
0.941111
0.706484
0.617919
0.897817
0.805478
0.943590
0.950777
0.994713
0.993731
0.535027
0.942284
0.988272
0.993352
0.525297
0.649779
0.656534
0.488163
0.999464
0.999283
0.873335
0.999798
0.582479
0.793682
0.950144
0.972014
0.807815
0.990148
0.653354
0.971531
0.796345
0.998848
0.958941
0.999888
0.997417
0.774348
0.993139
0.762776
0.635009
0.999614
0.736603
0.986576
0.985034
0.599140
0.989882
0.945438
0.833760
0.607580
0.938765
0.942755
0.999863
1.000000
0.609964
0.541106
0.865614
0.996145
0.694945
0.869259
0.684249
0.903156
0.964663
0.713393
0.998653
0.965453
0.943618
0.996524
0.638026
0.999974
0.953916
0.452552
0.999805
0.935943
0.994056
0.965724
0.998136
0.573496
0.996938
0.667026
0.449599
0.994701
0.999917
0.538896
0.894022
0.844231
0.895739
0.499575
0.962853
0.690728
0.923251
0.917476
0.760701
0.661857
0.999993
0.689993
0.811733
0.974081
0.909330
0.999984
1.000000
0.999866
0.998947
0.999976
0.977449
0.999986
0.999971
1.000000
0.736557
0.998479
0.986426
0.999979
0.661778
0.999808
0.998739
0.860972
0.562995
0.501615
0.818539
0.989934
0.511742
0.850586
0.968949
0.991544
0.999965
0.629552
0.999954
0.929314
0.852726
0.968842
0.748447
0.858807
0.637801
0.992047
0.735723
0.614628
0.596219
0.999998
1.000000
0.424593
0.999840
0.996561
0.993258
0.960116
0.615932
0.682780
0.509177
0.703023
0.993478
0.999821
0.947340
0.972357
0.999507
0.827043
0.999682
