0.927795
0.940511
0.924292
0.924672
0.917570
0.919979
0.935849
0.945577
0.935986
0.966728
0.914941
0.943350
0.922420
0.929357
0.909734
0.906081
0.936565
0.912368
0.946283
0.953778
0.930510
0.945506
0.955501
0.939226
0.965452
0.939861
0.938615
0.967704
0.951155
0.961804
0.943049
0.951658
0.926548
0.952844
0.613136
0.940304
0.936459
0.939204
0.933714
0.925025
0.911126
0.929889
0.903998
0.937141
0.935343
0.958088
0.825620
0.917489
0.962472
0.969230
0.934292
0.918605
0.790113
0.906003
0.946426
0.946399
0.938144
0.931163
0.956102
0.976640
0.957117
0.903068
0.971118
0.940589
0.948196
0.958566
0.966771
0.934506
0.887541
0.962278
0.955361
0.947118
0.956513
0.935637
0.955047
0.943132
0.953405
0.933882
0.961746
0.949432
0.940924
0.927977
0.926908
0.923852
0.823442
0.897848
0.960922
0.925391
0.925665
0.944964
0.973271
0.972989
0.956051
0.909250
0.949360
0.940704
0.942159
0.937350
0.939098
0.938271
0.895454
0.926518
0.940154
0.911419
0.979003
0.946420
0.952146
0.955180
0.961317
0.946902
0.953898
0.919136
0.915011
0.943098
0.932969
0.962235
0.969781
0.952375
0.947980
0.948853
0.944652
0.938753
0.935902
0.966463
0.956931
0.947656
0.951501
0.976318
0.917975
0.908187
0.968493
0.936849
0.918124
0.976161
0.939976
0.971563
0.971194
0.951587
0.928943
0.914206
0.707034
0.944592
0.953833
0.945945
0.886393
0.957198
0.966627
0.538679
0.969495
0.972817
0.864775
0.984868
0.980421
0.965753
0.782711
0.961815
0.970098
0.918103
0.894968
0.964814
0.917690
0.939232
0.953458
0.794247
0.636600
0.819232
0.897161
0.785904
0.900823
0.858397
0.937439
0.938604
0.975102
0.878473
0.972628
0.968017
0.883659
0.534781
0.908859
0.917520
0.946430
0.928250
0.705810
0.912750
0.781483
0.510591
0.912135
0.750861
0.771089
0.564534
0.527389
0.843225
0.468255
0.511831
0.551851
0.694778
0.791317
0.930411
0.740435
0.930828
0.818275
0.713196
0.621556
0.776336
0.910797
0.877396
0.823190
0.870891
0.812853
0.635096
0.950109
0.675741
0.496465
0.627969
0.858770
0.612539
0.612351
0.852239
0.895952
0.515469
0.706639
0.889667
0.604397
0.601436
0.768441
0.517768
0.536383
0.759790
0.763277
0.692154
0.538145
0.919119
0.561833
0.753404
0.851938
0.964015
0.977587
0.967220
0.915393
0.959291
0.891787
0.973900
0.957662
0.915842
0.886614
0.934614
0.785624
0.550341
0.983294
0.954195
0.917450
0.954824
0.951099
0.581618
0.766413
0.498706
0.924800
0.931437
0.383991
0.864896
0.883506
0.952641
0.773636
0.887165
0.499546
0.791537
0.908860
0.881937
0.702083
0.983809
0.515528
0.578292
0.489233
0.947737
0.971896
0.955905
0.894960
0.803687
0.958213
0.880238
0.924343
0.963496
0.875781
0.875504
0.866007
0.887243
0.973903
0.899126
0.933896
0.482383
0.850511
0.922404
0.900375
0.359031
0.771043
0.624078
0.667462
0.882695
0.819618
0.353437
0.915746
0.887221
0.879884
0.460892
0.884463
0.665720
0.616443
0.931392
0.488219
0.916140
0.848805
0.777517
0.799235
0.920737
0.870025
0.963141
0.943632
0.953542
0.844742
0.950180
0.916618
0.800334
0.875388
0.835766
0.727629
0.985375
0.937612
0.922480
0.922720
0.873894
0.650045
0.934005
0.743335
0.964828
0.829998
0.938462
0.488115
0.823826
0.898907
0.544525
0.884201
0.828666
0.772228
0.632539
0.564064
0.709800
0.641593
0.813788
0.584768
0.818998
0.877292
0.874104
0.883619
0.806253
0.641523
0.682870
0.694487
0.657910
0.803111
0.904902
0.805391
0.958368
0.920375
0.926169
0.716169
0.938348
0.849880
0.911926
0.845033
0.790924
0.915459
0.933474
0.944619
0.781916
0.938520
0.966360
0.939966
0.952990
0.843723
0.958289
0.904337
0.928275
0.914574
0.884508
0.935663
0.795098
0.889403
0.787853
0.909836
0.957151
0.887498
0.794293
0.846296
0.841639
0.858514
0.734408
0.886210
0.598686
0.966723
0.908393
0.941298
0.973106
0.947707
0.953588
0.992715
0.964475
0.975859
0.910256
0.926812
0.964339
0.959222
0.955766
0.924263
0.927520
0.861131
0.941932
0.926443
0.847845
0.915197
0.902661
0.954956
0.950790
0.918697
0.634146
0.768959
0.985123
0.768984
0.713941
0.661779
0.961275
0.891555
0.668827
0.410210
0.496803
0.877125
0.902503
0.710220
0.937251
0.761270
0.541172
0.969073
0.758265
0.966612
0.720977
0.614362
0.444575
0.896419
0.898460
0.757345
0.895732
0.894907
0.691519
0.655252
0.804850
0.821257
0.868943
0.840848
0.959150
0.936208
0.961181
0.728458
0.832545
0.872474
0.789313
0.739066
0.973219
0.869765
0.685057
0.912269
0.907192
0.906016
0.793948
0.900326
0.480074
0.949798
0.709802
0.774413
0.911378
0.894560
0.719949
0.710969
0.722865
0.374664
0.886452
0.441586
0.673926
0.952386
0.891702
0.869480
0.919613
0.881826
0.852304
0.957119
0.590496
0.876543
0.968103
0.926264
0.910485
0.953281
0.812889
0.945879
0.690223
0.827220
0.770667
0.507211
0.838948
0.966127
0.482327
0.954937
0.893106
0.944615
0.717628
0.630787
0.712908
0.794029
0.892729
0.648569
0.958571
0.952732
0.917719
0.955919
0.840130
0.893470
0.858417
0.881429
0.437707
0.937208
0.642482
0.872047
0.567981
0.976632
0.851278
0.823195
0.926669
0.790744
0.653750
0.590597
0.748090
0.398465
0.972999
0.976449
0.973954
0.696157
0.580692
0.894824
0.938213
0.812008
0.527448
0.907047
0.949394
0.508077
0.943746
0.905009
0.674253
0.974688
0.896966
0.947690
0.956637
0.940134
0.691411
0.909550
0.907944
0.906440
0.871988
0.875084
0.899371
0.889402
0.909243
0.970411
0.981693
0.909383
0.988101
0.953418
0.965600
0.983603
0.913437
0.876752
0.899506
0.909917
0.548565
0.642763
0.983775
0.964408
0.983995
0.920558
0.981978
0.980054
0.953097
0.961713
0.862691
0.959991
0.956391
0.955743
0.936634
0.945575
0.962685
0.925142
0.933024
0.889188
0.864928
0.909198
0.791413
0.849332
0.689221
0.656970
0.916191
0.872601
0.885175
0.937499
0.863563
0.924492
0.881720
0.962144
0.970388
0.771890
0.646031
0.628563
0.618941
0.669705
0.657755
0.816212
0.726412
0.876376
0.702706
0.542857
0.845931
0.581915
0.836829
0.801997
0.508856
0.797786
0.890868
0.776268
0.431527
0.931034
0.782644
0.840526
0.808548
0.455911
0.730624
0.901854
0.930735
0.731453
0.793115
0.906963
0.817549
0.774577
0.575462
0.563797
0.832015
0.740166
0.809071
0.925128
0.815045
0.619156
0.490253
0.944266
0.925369
0.898584
0.834929
0.947963
0.911599
0.934915
0.662599
0.370965
0.623003
0.481700
0.856637
0.971102
0.909854
0.689325
0.543728
0.508054
0.489070
0.671524
0.950941
0.966182
0.949061
0.650991
0.431321
0.975520
0.956207
0.988688
0.975624
0.962403
0.962179
0.965753
0.985509
0.980542
0.856326
0.934147
0.454959
0.921650
0.957617
0.959114
0.889119
0.948700
0.961747
0.970243
0.712707
0.945972
0.879811
0.573809
0.844305
0.847100
0.982532
0.876157
0.974422
0.735096
0.526006
0.949683
0.551742
0.543342
0.816076
0.797633
0.971831
0.959069
0.941776
0.730758
0.902831
0.853308
0.489178
0.952810
0.902797
0.886832
0.954985
0.895753
0.951374
0.664444
0.687818
0.859974
0.916393
0.883654
0.991385
0.548474
0.817751
0.596237
0.941946
0.492151
0.731967
0.599005
0.856171
0.621103
0.898602
0.649328
0.952687
0.983174
0.970577
0.900424
0.549768
0.945582
0.602115
0.583618
0.534242
0.732237
0.983363
0.903997
0.578888
0.957197
0.972017
0.948904
0.870442
0.979996
0.914683
0.935508
0.820582
0.858930
0.880232
0.944338
0.934837
0.965926
0.843886
0.675090
0.924365
0.887222
0.971484
0.901441
0.966198
0.924564
0.838669
0.909521
0.964470
0.962856
0.887566
0.897377
0.553161
0.671662
0.879116
0.926774
0.937976
0.950173
0.942710
0.921277
0.965453
0.522893
0.938409
0.771443
0.896807
0.987824
0.991964
0.880424
0.779301
0.939367
0.870328
0.992208
0.803496
0.965017
0.970808
0.892959
0.912155
0.809633
0.950214
0.957814
0.991384
0.973462
0.864713
0.901762
0.962059
0.546572
0.990016
0.944902
0.912835
0.898339
0.942322
0.789863
0.875783
0.589044
0.945085
0.520926
0.750415
0.935614
0.804589
0.976830
0.842964
0.812220
0.812609
0.788726
0.929967
0.980612
0.745970
0.724830
0.968472
0.939133
0.786077
0.981805
0.961142
0.905789
0.959037
0.874890
0.954519
0.939782
0.879921
0.946823
0.849031
0.837243
0.927883
0.917031
0.791622
0.770145
0.887869
0.818442
0.494253
0.966142
0.861742
0.838375
0.949485
0.582558
0.983304
0.971616
0.668058
0.487373
0.960321
0.835215
0.624305
0.693835
0.831010
0.937557
0.951247
0.757421
0.934937
0.893206
0.752203
0.899466
0.972112
0.776586
0.862069
0.786962
0.945779
0.961419
0.919237
0.911552
0.612924
0.936816
0.959718
0.866547
0.605021
0.902848
0.558865
0.986278
0.793999
0.569433
0.947321
0.966417
0.967416
0.981465
0.836253
0.848171
0.977395
0.675773
0.635230
0.461891
0.915651
0.914716
0.876887
0.908526
0.951396
0.884901
0.904317
0.927715
0.906141
0.625017
0.567119
0.773503
0.567872
0.931647
0.911620
0.991014
0.975213
0.930200
0.957573
0.875706
0.957017
0.867291
0.938966
0.916513
0.962504
0.962699
0.916120
0.923760
0.930789
0.963963
0.938797
0.885207
0.948876
0.923752
0.928824
0.931825
0.944689
0.963625
0.932348
0.872821
0.961164
0.686657
0.989871
0.969310
0.942433
0.935803
0.988570
0.968558
0.947395
0.822639
0.983157
0.947357
0.943193
0.906937
0.966359
0.862674
0.946347
0.926877
0.985509
0.949327
0.929436
0.922433
0.700889
0.491126
0.951590
0.963621
0.888339
0.975201
0.935197
0.949524
0.943075
0.955547
0.887092
0.945113
0.941603
0.749272
0.923569
0.916822
0.840674
0.951940
0.941228
0.973738
0.931364
0.989302
0.899324
0.970425
0.898982
0.887815
0.961750
0.933448
0.923584
0.924845
0.930221
0.940815
0.948906
0.965509
0.914190
0.978009
0.923759
0.978720
0.946509
0.930865
0.916780
0.896536
0.623025
0.908785
0.918970
0.696511
0.782773
0.952736
0.974703
0.819974
0.890434
0.877554
0.952238
0.928132
0.925319
0.814592
0.942867
0.984609
0.910341
0.947732
0.955380
0.918015
0.505458
0.940943
0.956405
0.829822
0.960101
0.976395
0.940917
0.919268
0.888574
0.862391
0.900313
0.920381
0.821796
0.963568
0.801571
0.598380
0.608192
0.814853
0.693192
0.890410
0.362090
0.863757
0.608925
0.762370
0.884351
0.844485
0.857805
0.634691
0.889941
0.677396
0.775437
0.861769
0.936262
0.664641
0.897007
0.858523
0.570729
0.928893
0.968087
0.942044
0.920754
0.907988
0.972998
0.895387
0.967289
0.933719
0.575702
0.728595
0.541138
0.761411
0.898586
0.557601
0.823376
0.955456
0.830166
0.701496
0.932730
0.585106
0.674466
0.901813
0.701779
0.554793
0.978265
0.924283
0.474140
0.980608
0.982064
0.845686
0.807463
0.965182
0.961998
0.963191
0.932916
0.965667
0.950132
0.982986
0.926812
0.901173
0.977855
0.951892
0.965447
0.917838
0.962182
0.803387
0.924208
0.948919
0.955912
0.940430
0.823752
0.938163
0.932386
0.956300
0.975672
0.880448
0.945026
0.943092
0.966260
0.986106
0.979664
0.865353
0.936200
0.970184
0.953366
0.952547
0.981750
0.975976
0.594175
0.916897
0.975033
0.966988
0.973276
0.959062
0.929448
0.825769
0.963646
0.961935
0.897254
0.910586
0.913062
0.893837
0.938022
0.935783
0.993062
0.977874
0.927742
0.934592
0.943980
0.942826
0.955147
0.978382
0.966480
0.937358
0.953591
0.980904
0.952689
0.944599
0.898665
0.974803
0.900414
0.968514
0.957190
0.985261
0.991059
0.919024
0.994638
0.991582
0.992226
0.992847
0.974328
0.417232
0.986721
0.945117
0.988032
0.997234
0.949914
0.900706
0.732644
0.942921
0.907894
0.952915
0.987370
0.954352
0.988167
0.846022
0.965779
0.995297
0.824499
0.981608
0.969837
0.987499
0.821855
0.954951
0.595356
0.549430
0.660104
0.930395
0.985319
0.873973
0.950811
0.973645
0.918554
0.897379
0.978221
0.934292
0.987880
0.977778
0.966358
0.956040
0.934306
0.985381
0.988721
0.993170
0.955945
0.940805
0.871834
0.931683
0.942863
0.902278
0.986257
0.912576
0.911455
0.938625
0.993366
0.972624
0.932864
0.995736
0.984837
0.993100
0.976504
0.982664
0.943408
0.995630
0.978754
0.957438
0.995823
0.946976
0.919769
0.774060
0.972715
0.960416
0.963228
0.995705
0.947708
0.987396
0.954301
0.676800
0.496001
0.998114
0.962812
0.748863
0.931097
0.792036
0.926479
0.895328
0.966434
0.921718
0.898137
0.896210
0.907585
0.836847
0.996982
0.884018
0.948465
0.874804
0.968142
0.913048
0.434768
0.974975
0.823359
0.591746
0.752702
0.759097
0.515354
0.565550
0.796722
0.960311
0.977299
0.951845
0.932651
0.959256
0.922764
0.668916
0.880507
0.859580
0.939803
0.965402
0.976299
0.961600
0.991569
0.657514
0.976725
0.890279
0.984192
0.906003
0.908043
0.948582
0.945575
0.968848
0.946602
0.953118
0.964416
0.950468
0.941829
0.784598
0.860985
0.922874
0.969079
0.756168
0.835284
0.967180
0.950605
0.976416
0.997184
0.776966
0.971467
0.936324
0.990124
0.976349
0.739069
0.729306
0.935111
0.849339
0.835644
0.949171
0.972600
0.942804
0.785853
0.930071
0.923721
0.927819
0.871657
0.719877
0.941409
0.925366
0.888009
0.903726
0.890354
0.424886
0.917396
0.993515
0.975221
0.942747
0.952171
0.880347
0.922548
0.900383
0.607830
0.985888
0.973398
0.963861
0.904916
0.927024
0.823264
0.913103
0.898226
0.800347
0.943457
0.965615
0.441187
0.921188
0.940721
0.970879
0.759537
0.958762
0.980434
0.971135
0.848913
0.824569
0.913233
0.988185
0.991152
0.948534
0.988101
0.980601
0.949099
0.980136
0.992328
0.958916
0.834611
0.690003
0.972282
0.955278
0.700608
0.969618
0.956715
0.977375
0.580548
0.931966
0.713967
0.406387
0.957317
0.959603
0.895669
0.905298
0.962212
0.915986
0.935813
0.949186
0.922779
0.456144
0.638877
0.899459
0.988684
0.962901
0.942009
0.984559
0.661919
0.961800
0.800074
0.966156
0.954375
0.837993
0.965864
0.925536
0.922964
0.954471
0.974163
0.983538
0.913809
0.945069
0.984159
0.892310
0.953963
0.967964
0.916095
0.794103
0.753998
0.937011
0.868193
0.904890
0.759364
0.910745
0.907184
0.773520
0.865918
0.980497
0.976195
0.972318
0.965419
0.952801
0.966348
0.846903
0.873528
0.925775
0.935665
0.926479
0.958627
0.981214
0.965295
0.879319
0.974398
0.937867
0.917430
0.979669
0.988691
0.916390
0.991011
0.970113
0.935566
0.945955
0.980195
0.921268
0.947519
0.985758
0.996358
0.974642
0.997943
0.928888
0.996714
0.959641
0.987364
0.914923
0.969201
0.933934
0.993991
0.941925
0.962367
0.984220
0.980663
0.946015
0.921167
0.966381
0.981203
0.973574
0.946992
0.588493
0.765299
0.854312
0.937501
0.904871
0.957647
0.963947
0.987183
0.945999
0.857015
0.979162
0.949632
0.928042
0.766305
0.953599
0.871236
0.710635
0.402200
0.963338
0.866761
0.977515
0.984168
0.969020
0.921363
0.940357
0.936294
0.915513
0.958317
0.941077
0.981761
0.964744
0.950640
0.932757
0.969886
0.906008
0.963072
0.957896
0.925524
0.972436
0.979849
0.904448
0.962073
0.886307
0.992611
0.915811
0.903159
0.939822
0.950025
0.967855
0.974495
0.956187
0.918414
0.991734
0.951621
0.940795
0.938642
0.933290
0.965207
0.966354
0.850215
0.938610
0.933264
0.932095
0.947724
0.944158
0.977426
0.929589
0.630537
0.834484
0.927842
0.939087
0.955912
0.951599
0.999173
0.801210
0.941512
0.966674
0.976847
0.867355
0.925518
0.994319
0.879300
0.930609
0.914627
0.977641
0.969672
0.951032
0.950334
0.908702
0.959663
0.948783
0.938484
0.959374
0.898343
0.903252
0.937465
0.929531
0.947071
0.823896
0.946060
0.956422
0.965800
0.463083
0.923527
0.414734
0.942552
0.943781
0.934420
0.953097
0.958618
0.928004
0.949007
0.945936
0.901591
0.990322
0.897549
0.572879
0.894612
0.931269
0.928019
0.984865
0.930217
0.949380
0.929694
0.925450
0.930075
0.979001
0.953682
0.973590
0.960660
0.998867
0.935164
0.907927
0.963402
0.896735
0.949831
0.949070
0.970238
0.928035
0.980159
0.938130
0.946486
0.963809
0.951738
0.994061
0.916893
0.958736
0.929965
0.979226
0.955454
0.927004
0.870236
0.949605
0.929234
0.871608
0.920266
0.993688
0.991547
0.981736
0.946183
0.980397
0.863604
0.961381
0.918082
0.951206
0.921312
0.779215
0.914840
0.815956
0.956915
0.955188
0.977779
0.864607
0.621014
0.938596
0.767780
0.693647
0.517168
0.883768
0.730242
0.935313
0.912740
0.962371
0.973661
0.945843
0.691407
0.934528
0.916087
0.950679
0.961646
0.947733
0.958707
0.863223
0.937180
0.960892
0.958648
0.965418
0.943169
0.940005
0.946344
0.942719
0.981394
0.890308
0.955083
0.920900
0.657081
0.779331
0.707674
0.761970
0.974742
0.792279
