1.000000
1.000000
1.000000
0.999703
1.000000
1.000000
0.999999
1.000000
1.000000
1.000000
1.000000
1.000000
1.000000
0.999996
1.000000
1.000000
1.000000
1.000000
1.000000
1.000000
1.000000
1.000000
1.000000
1.000000
1.000000
1.000000
1.000000
1.000000
1.000000
1.000000
1.000000
0.999998
1.000000
1.000000
0.999998
1.000000
1.000000
0.999997
1.000000
1.000000
1.000000
1.000000
1.000000
1.000000
0.999989
1.000000
0.999614
1.000000
1.000000
1.000000
1.000000
0.999987
0.999817
1.000000
1.000000
1.000000
1.000000
1.000000
1.000000
0.999999
1.000000
1.000000
1.000000
1.000000
1.000000
1.000000
1.000000
1.000000
1.000000
1.000000
1.000000
1.000000
1.000000
1.000000
1.000000
1.000000
1.000000
1.000000
0.999998
1.000000
1.000000
1.000000
1.000000
1.000000
0.999970
1.000000
1.000000
1.000000
1.000000
1.000000
1.000000
1.000000
1.000000
1.000000
1.000000
1.000000
1.000000
1.000000
0.999998
1.000000
0.999997
1.000000
0.999999
1.000000
0.999973
1.000000
1.000000
1.000000
1.000000
1.000000
1.000000
1.000000
1.000000
1.000000
1.000000
1.000000
1.000000
0.999991
1.000000
1.000000
1.000000
1.000000
1.000000
1.000000
1.000000
1.000000
1.000000
1.000000
1.000000
1.000000
1.000000
1.000000
1.000000
1.000000
1.000000
0.999996
1.000000
1.000000
1.000000
0.999944
0.943909
0.997843
0.943621
0.999919
0.999782
0.999939
0.991701
0.951027
0.977345
1.000000
1.000000
0.999761
0.976397
0.999595
0.999662
0.635793
0.983066
0.998728
0.998029
0.999197
0.997098
0.845488
0.995625
0.997739
0.999898
0.916855
0.999402
0.999973
0.999957
0.998745
0.857244
0.999991
0.999971
0.989276
0.659067
0.999301
0.999822
0.999972
0.994435
0.964830
0.988259
0.982940
0.721553
0.961762
0.596308
0.979164
0.996985
0.999566
0.991845
0.549796
0.996594
0.996383
0.996135
0.822055
0.991992
0.723984
0.999762
0.989513
0.999463
0.776934
0.999053
0.998670
0.993523
0.889278
0.843402
0.723763
1.000000
1.000000
0.977954
0.971447
0.537873
0.998264
0.909605
0.716971
0.909412
0.999691
0.812796
0.960347
0.809619
0.969391
0.591219
0.996748
0.857175
0.962300
0.993440
0.763989
0.997489
0.723162
0.994732
0.542274
0.711217
0.503004
0.956518
0.993765
0.613507
0.999887
0.999982
0.717698
0.999990
0.999994
0.999998
0.957082
0.999960
0.999743
0.999988
0.999990
0.998419
0.987729
0.999960
0.999998
0.999998
0.999999
1.000000
0.692214
0.999883
0.581282
0.994932
0.927391
0.983391
0.976584
0.976290
0.800993
0.640216
0.936334
0.567754
1.000000
0.997917
0.985247
0.834603
0.525010
0.993611
0.613842
0.636941
0.999951
1.000000
0.955427
0.796580
0.654928
0.999894
0.999998
0.999491
0.999818
0.999530
0.999998
0.999097
0.999991
0.998459
0.999993
0.999215
0.990616
0.888127
0.999905
0.999861
0.992603
0.920774
0.966135
0.974635
0.997244
0.480893
0.911263
0.998413
0.998364
0.991442
0.855344
0.903597
0.725491
0.999540
0.990341
0.999446
0.999102
0.990805
0.967753
0.999936
0.442809
0.994558
0.672943
0.999987
0.689331
0.999917
0.529519
0.806512
0.988089
0.998907
0.882045
0.998921
0.982059
0.994557
0.999995
0.916865
0.999807
0.992938
0.999992
0.998474
0.999654
0.999175
0.998790
0.995726
0.912292
0.823908
0.999986
0.996970
0.996974
0.851422
0.997953
0.981198
0.796018
0.991820
0.998825
0.993679
0.853831
0.792469
0.998945
0.890778
0.998017
0.998450
0.997639
0.954824
0.999925
0.790120
0.867649
0.999494
0.999891
0.999187
0.999531
0.989811
0.976591
0.998447
0.996184
0.997071
0.999626
0.738086
0.979039
0.999294
0.857300
0.999984
0.998222
1.000000
0.988851
0.989366
1.000000
0.999913
0.999108
0.999739
0.456009
0.983383
0.721591
0.895866
0.961536
0.970670
0.983912
0.995301
0.591444
0.984107
0.995670
0.968604
0.996077
0.999868
0.975721
0.626539
0.999998
0.999982
0.999555
0.999982
0.997966
0.999417
1.000000
1.000000
1.000000
0.999291
0.912216
0.999925
1.000000
0.999931
0.999902
1.000000
1.000000
0.999994
0.999996
0.995142
0.999992
0.999836
0.999999
0.999996
0.999974
0.590595
0.999987
0.998013
0.996825
0.982371
0.998587
0.999779
0.997012
0.656843
0.990304
0.999024
0.653830
0.945394
0.909758
0.980121
0.921192
0.963559
0.999272
0.999727
0.993045
0.989923
0.942758
0.706210
0.996120
0.987917
0.998273
0.997870
0.995370
0.987446
0.990475
0.992076
0.998834
0.947741
0.999981
0.993963
0.999960
0.999998
0.999963
0.999895
0.991710
0.999984
0.996324
0.998435
0.999999
0.999934
0.996734
0.997145
0.999933
0.892807
1.000000
0.999442
0.972660
0.541027
0.999984
0.999924
0.932459
0.991958
0.660277
0.993517
0.995645
0.982945
0.501814
0.999795
0.999997
0.692586
0.999442
0.993459
0.782109
0.829987
0.999707
1.000000
0.999947
0.999999
1.000000
1.000000
1.000000
1.000000
0.999895
1.000000
0.847917
0.999642
0.938852
0.631604
0.960154
0.999949
0.999948
1.000000
0.811104
0.928082
0.999861
0.996259
0.997065
0.952370
0.987662
0.992951
0.993096
0.999995
0.999921
0.850671
0.990905
0.740755
0.886790
0.998471
0.750150
0.998028
0.994319
0.999763
0.999790
0.980995
0.999828
0.997183
0.999906
0.999695
0.995158
0.775018
0.999614
0.997289
0.999195
0.982024
0.978078
0.696115
0.979412
0.949303
0.926235
1.000000
0.999906
0.522799
0.999963
0.993359
0.999441
0.987028
1.000000
0.999744
0.978323
0.995593
0.999999
0.997724
0.783952
0.995909
0.991611
0.999913
0.502357
0.998319
0.999932
0.998716
0.996036
0.997861
0.999928
0.999262
1.000000
0.993008
1.000000
0.999999
0.943292
0.999987
0.991127
0.999824
0.771941
0.916860
0.849694
0.999998
1.000000
1.000000
1.000000
0.999996
1.000000
1.000000
1.000000
0.922301
1.000000
1.000000
1.000000
0.999999
0.999894
0.999991
1.000000
1.000000
0.999998
0.731511
0.999985
0.999993
0.999913
0.998990
0.966879
0.941927
1.000000
0.877528
0.999759
0.999904
0.999999
0.999998
1.000000
1.000000
0.989375
0.997620
0.997500
0.984983
0.999751
0.952210
0.973723
0.992167
0.974661
0.992812
0.986485
0.987457
0.995529
0.999743
0.992489
0.970755
0.986445
0.995169
0.997039
0.985871
0.913771
0.730907
0.707044
0.957524
0.479437
0.789288
0.998160
0.992601
0.996993
0.999875
0.997737
0.989116
0.995760
0.659679
0.886395
0.682250
0.998683
0.821538
0.702195
0.689172
0.996229
0.999941
0.998098
0.992665
0.967201
0.999775
0.999976
0.996552
0.999646
0.632886
0.882934
0.536818
0.708818
0.997874
0.998701
0.990057
0.547981
0.979202
0.997603
0.973186
0.926189
0.994824
0.670770
0.986680
0.999969
0.997661
0.805497
0.998249
0.999790
0.958938
0.995871
0.999371
0.999936
0.694704
0.889826
0.999960
0.999445
0.995374
0.846824
0.676723
0.999425
0.920684
1.000000
0.999018
0.726484
1.000000
0.750300
0.995968
0.964089
0.997792
0.999897
0.907231
1.000000
0.980015
0.999994
0.998473
0.922960
0.996733
0.994250
0.924502
0.997984
0.997564
0.999440
0.999572
0.939614
1.000000
1.000000
1.000000
1.000000
0.999578
0.871981
0.663749
0.999647
0.925163
0.716650
0.999436
1.000000
0.903909
0.999174
0.999194
0.998467
0.844845
0.991376
0.995827
0.999999
0.997431
0.999522
0.999840
1.000000
0.997359
0.965996
0.997978
0.958377
1.000000
0.999920
0.982593
0.891419
0.967635
1.000000
0.999741
0.986355
1.000000
0.999959
0.976195
0.995140
0.999999
0.996612
0.999920
0.842247
0.999829
0.999686
0.973900
1.000000
0.938897
0.914403
1.000000
0.999660
1.000000
0.998928
0.599238
0.970349
0.965846
0.999982
0.988973
0.503288
0.999985
0.999998
0.956341
0.922812
0.911211
0.964064
1.000000
1.000000
1.000000
0.999610
0.999988
0.967769
0.997855
0.999516
0.999840
0.986337
0.669513
0.999960
0.999997
0.900962
0.999866
0.953126
0.999997
0.941171
0.999826
1.000000
1.000000
0.999975
0.961622
0.984052
1.000000
0.777824
0.908919
0.990067
0.999925
0.592187
0.999892
1.000000
0.958751
0.838632
1.000000
0.721040
0.999850
0.978055
0.815947
0.999994
0.997323
0.949594
0.852572
0.971275
0.999650
1.000000
1.000000
0.999989
0.999464
1.000000
1.000000
0.938111
0.996817
1.000000
1.000000
0.978376
0.999981
0.999874
0.999704
0.988948
0.903967
0.938576
0.994329
0.527228
0.999996
0.996498
0.999206
0.709523
0.837006
0.782732
0.989658
0.693746
0.526620
0.997546
0.964040
0.998824
0.989455
0.991184
0.500686
0.932628
0.693415
0.733466
0.978807
0.992058
0.574093
0.821665
0.999656
0.999840
0.999817
0.975752
0.999969
0.999995
1.000000
0.979879
0.986827
0.999962
0.999112
0.999947
0.953789
0.999982
0.999996
0.999999
0.998701
0.999207
0.885692
0.735333
1.000000
0.999995
0.996014
1.000000
0.999998
0.974955
1.000000
0.999998
0.807787
0.985691
0.998588
0.999967
0.960716
0.999995
0.999679
0.999698
0.969847
1.000000
0.991032
0.999527
1.000000
1.000000
0.997414
0.999820
1.000000
0.994213
0.984562
0.797188
0.738661
0.571972
0.999998
0.999852
0.910837
1.000000
1.000000
0.999999
1.000000
1.000000
1.000000
1.000000
0.999997
1.000000
0.957966
1.000000
1.000000
1.000000
0.999998
0.999998
1.000000
1.000000
1.000000
1.000000
0.999848
1.000000
0.999998
1.000000
1.000000
1.000000
1.000000
1.000000
1.000000
1.000000
0.999999
1.000000
1.000000
1.000000
0.999995
1.000000
1.000000
1.000000
0.999983
1.000000
1.000000
1.000000
0.999998
1.000000
0.999994
1.000000
1.000000
1.000000
1.000000
1.000000
0.999998
0.863954
1.000000
1.000000
0.999992
1.000000
1.000000
1.000000
0.999968
1.000000
0.946792
1.000000
1.000000
0.999797
1.000000
1.000000
0.999974
1.000000
0.999444
1.000000
1.000000
1.000000
1.000000
1.000000
0.999999
0.999996
1.000000
0.999858
0.999999
1.000000
1.000000
1.000000
1.000000
1.000000
1.000000
1.000000
1.000000
1.000000
1.000000
1.000000
0.998372
0.999511
0.994794
0.973171
0.946888
0.999999
0.999999
1.000000
0.796107
0.880053
0.999636
1.000000
1.000000
0.999993
0.818893
0.801592
1.000000
1.000000
0.929365
0.999999
1.000000
1.000000
1.000000
0.999973
1.000000
1.000000
0.999998
1.000000
1.000000
1.000000
0.998342
0.999997
0.935708
0.873121
0.998566
0.999188
0.992921
0.997107
0.993167
0.776258
0.632065
0.704691
0.619433
0.711633
0.611306
0.999459
0.996602
0.999731
0.998639
0.979152
0.995393
0.999994
0.983810
0.886499
0.995247
0.999917
0.999658
0.998844
0.456847
0.999166
0.984376
0.999644
0.995494
0.899194
0.999980
0.998053
0.924696
0.799716
0.999850
0.999802
0.932909
0.999303
0.696404
0.498053
0.854253
0.739450
0.650548
0.975438
1.000000
0.998826
0.598101
0.685028
0.712410
1.000000
1.000000
0.999980
0.988803
0.976281
0.999627
0.985058
0.999972
0.999217
1.000000
1.000000
0.999904
1.000000
1.000000
1.000000
1.000000
0.999227
1.000000
0.825864
0.999998
1.000000
1.000000
1.000000
0.999999
1.000000
1.000000
1.000000
0.999961
1.000000
1.000000
0.999997
1.000000
1.000000
1.000000
1.000000
1.000000
1.000000
1.000000
1.000000
1.000000
0.999999
1.000000
1.000000
1.000000
0.999998
1.000000
1.000000
1.000000
1.000000
1.000000
1.000000
0.999952
1.000000
1.000000
1.000000
0.999824
1.000000
0.999967
1.000000
1.000000
1.000000
1.000000
1.000000
1.000000
1.000000
1.000000
1.000000
1.000000
1.000000
1.000000
0.999970
1.000000
1.000000
1.000000
1.000000
1.000000
1.000000
1.000000
0.999977
1.000000
0.999998
1.000000
1.000000
1.000000
0.999884
1.000000
1.000000
0.999920
0.999997
1.000000
1.000000
1.000000
1.000000
1.000000
0.999964
1.000000
1.000000
0.999999
1.000000
1.000000
1.000000
0.999989
1.000000
0.999999
1.000000
0.999995
1.000000
0.999999
0.999505
1.000000
0.999945
0.999984
0.966327
1.000000
0.999754
1.000000
0.999998
0.994382
1.000000
1.000000
1.000000
1.000000
0.999994
1.000000
1.000000
0.998901
0.999975
1.000000
1.000000
1.000000
1.000000
0.999997
0.999998
1.000000
0.999999
0.999995
0.996405
1.000000
1.000000
1.000000
0.999999
1.000000
1.000000
1.000000
1.000000
1.000000
1.000000
1.000000
1.000000
1.000000
0.999998
1.000000
0.999999
1.000000
0.999997
0.954136
0.772477
0.999819
0.999785
0.999950
0.996165
0.997468
0.993116
0.983698
0.926474
0.997118
0.999981
0.995368
0.994951
1.000000
0.999996
0.998459
1.000000
0.999986
0.987954
0.999860
0.999962
0.999999
0.998013
0.997647
1.000000
0.987144
0.999995
1.000000
0.999980
0.999951
0.999136
0.961570
0.999681
0.998412
0.995242
0.926121
0.919967
0.977014
0.662291
0.951265
0.846794
0.532073
0.931542
0.964496
0.996789
0.999977
0.900789
0.999873
0.999968
0.958368
0.599135
0.999999
0.945519
0.999910
1.000000
1.000000
1.000000
1.000000
1.000000
0.914684
1.000000
0.999999
1.000000
1.000000
1.000000
0.978720
0.997257
0.894628
0.999997
1.000000
1.000000
1.000000
1.000000
1.000000
0.999999
0.999984
1.000000
1.000000
0.970739
1.000000
1.000000
0.606441
0.999990
1.000000
1.000000
1.000000
1.000000
0.999937
1.000000
1.000000
1.000000
1.000000
1.000000
1.000000
1.000000
0.999992
1.000000
1.000000
1.000000
1.000000
0.999862
0.999211
0.999657
0.999984
1.000000
1.000000
0.999999
0.999994
0.999999
0.999996
0.999988
1.000000
0.999913
1.000000
1.000000
1.000000
0.999978
0.998608
1.000000
1.000000
1.000000
0.999993
0.999994
0.999997
1.000000
1.000000
1.000000
1.000000
1.000000
0.998598
0.999626
0.999677
0.999997
0.999998
0.999995
0.999992
1.000000
1.000000
1.000000
1.000000
0.964773
1.000000
0.999997
0.995924
1.000000
0.999996
1.000000
0.998192
1.000000
0.999964
1.000000
0.999991
1.000000
1.000000
0.999996
0.999576
0.999999
1.000000
1.000000
0.940999
1.000000
0.999899
0.999998
1.000000
1.000000
1.000000
1.000000
1.000000
1.000000
1.000000
0.999925
0.999997
1.000000
1.000000
0.997336
0.999945
1.000000
1.000000
1.000000
1.000000
1.000000
0.999864
1.000000
1.000000
1.000000
0.999989
1.000000
0.998152
0.999997
0.907351
1.000000
0.999999
0.999938
1.000000
1.000000
0.594709
1.000000
0.999971
0.999491
1.000000
0.999999
1.000000
1.000000
0.999994
0.998227
0.989730
1.000000
0.999947
1.000000
1.000000
1.000000
1.000000
1.000000
1.000000
1.000000
1.000000
1.000000
1.000000
1.000000
1.000000
1.000000
1.000000
1.000000
1.000000
1.000000
1.000000
1.000000
1.000000
1.000000
1.000000
1.000000
1.000000
1.000000
1.000000
1.000000
1.000000
1.000000
1.000000
1.000000
1.000000
0.999999
1.000000
1.000000
1.000000
1.000000
0.999803
1.000000
1.000000
1.000000
0.997018
0.999988
0.999972
0.999923
1.000000
0.999919
1.000000
1.000000
0.999999
0.999787
1.000000
1.000000
1.000000
1.000000
1.000000
0.648655
1.000000
0.999994
1.000000
0.999999
1.000000
1.000000
0.999999
1.000000
1.000000
0.999998
0.999811
1.000000
1.000000
1.000000
1.000000
0.999992
1.000000
0.999961
1.000000
1.000000
1.000000
1.000000
1.000000
1.000000
1.000000
1.000000
1.000000
1.000000
1.000000
1.000000
1.000000
1.000000
0.999999
1.000000
1.000000
1.000000
1.000000
1.000000
1.000000
1.000000
0.997955
1.000000
1.000000
1.000000
0.999998
1.000000
0.999835
1.000000
0.999744
1.000000
1.000000
0.986273
0.999775
1.000000
1.000000
1.000000
1.000000
1.000000
1.000000
1.000000
1.000000
1.000000
1.000000
0.999971
1.000000
1.000000
0.999997
1.000000
0.990794
1.000000
1.000000
1.000000
1.000000
1.000000
1.000000
1.000000
1.000000
1.000000
1.000000
1.000000
0.514878
1.000000
1.000000
0.999945
0.997813
1.000000
0.999999
0.991355
1.000000
1.000000
1.000000
0.999761
0.999999
1.000000
1.000000
0.999999
0.999995
1.000000
1.000000
0.981198
0.999974
0.999383
1.000000
1.000000
1.000000
1.000000
1.000000
1.000000
1.000000
1.000000
1.000000
1.000000
1.000000
1.000000
0.999998
0.999457
1.000000
1.000000
1.000000
1.000000
1.000000
1.000000
1.000000
1.000000
1.000000
1.000000
1.000000
1.000000
1.000000
1.000000
0.999992
1.000000
1.000000
1.000000
1.000000
0.999504
1.000000
1.000000
1.000000
0.999987
1.000000
1.000000
1.000000
1.000000
1.000000
0.888676
0.999999
0.995164
0.987054
1.000000
1.000000
0.683154
0.969840
0.902025
1.000000
0.961924
1.000000
0.898220
0.992892
0.996964
1.000000
0.524810
0.828332
0.999998
1.000000
1.000000
1.000000
1.000000
1.000000
0.861691
1.000000
1.000000
1.000000
1.000000
1.000000
1.000000
1.000000
1.000000
1.000000
1.000000
1.000000
1.000000
0.999998
0.999993
1.000000
1.000000
0.997435
1.000000
1.000000
1.000000
0.978813
1.000000
0.999983
0.999899
0.999969
0.999994
