1.000000
0.999999
0.999999
0.999904
0.999958
1.000000
0.999963
0.999830
0.999998
1.000000
0.999985
0.999983
0.999998
0.999951
0.999877
0.999687
0.999991
1.000000
1.000000
0.999978
1.000000
1.000000
0.999992
0.999999
1.000000
1.000000
0.999938
1.000000
0.999719
1.000000
0.999977
0.999975
0.999999
0.999992
0.999986
0.999987
0.999998
0.998901
0.999998
0.999997
0.999951
0.999999
0.999996
0.999996
0.998770
0.999998
0.993791
1.000000
1.000000
1.000000
0.999987
0.974370
0.999593
0.999980
0.999875
1.000000
0.999977
0.999987
0.999891
0.999991
1.000000
1.000000
0.999999
0.999911
1.000000
0.997197
0.999998
1.000000
0.999998
0.999998
1.000000
1.000000
1.000000
0.999999
0.999991
1.000000
1.000000
0.999992
0.999865
1.000000
0.999999
1.000000
0.999934
0.999984
0.999840
0.999840
0.999873
0.999996
0.999993
0.999948
0.999999
0.999989
0.999997
1.000000
0.999969
0.999983
0.999980
1.000000
1.000000
1.000000
0.999726
1.000000
0.999976
0.999993
1.000000
0.999998
1.000000
0.999997
0.999999
0.999977
0.999973
0.999999
0.999994
0.999998
0.999395
1.000000
1.000000
0.999889
0.999999
0.999997
1.000000
0.999996
0.999997
1.000000
0.999997
1.000000
0.999846
0.999978
0.999870
1.000000
0.999997
1.000000
0.999999
1.000000
0.999980
0.999982
0.999996
0.999995
0.999999
0.999361
0.986492
0.999688
0.999983
0.999937
0.999726
0.999995
0.969332
0.999992
0.596679
0.999921
0.987994
0.999999
0.999993
0.999959
0.801419
0.999667
0.999565
0.997329
0.900793
0.999930
0.779408
0.999549
0.531789
0.998034
0.735228
0.983966
0.999966
0.997227
0.995495
0.995143
0.997916
0.999987
0.998042
0.999991
0.999915
0.979040
0.739267
0.999579
0.999945
0.999500
0.837724
0.993345
0.977404
0.960840
0.977423
0.607273
0.944461
0.665830
0.713121
0.999267
0.922646
0.683914
0.979695
0.870713
0.999748
0.960678
0.998783
0.824710
0.998442
0.978849
0.977498
0.933306
0.999896
0.811553
0.999120
0.999922
0.864964
0.990041
0.998686
0.999770
1.000000
0.999631
0.998761
0.999826
0.997711
0.835517
0.999041
0.997545
0.943285
0.999795
0.854395
0.999200
0.879157
0.825481
0.828623
0.947060
0.531146
0.964541
0.741571
0.987705
0.925072
0.995274
0.626191
0.958909
0.760087
0.930751
0.948239
0.887713
0.745767
0.999876
0.999253
0.999041
0.998874
0.999759
0.999642
0.999751
0.999936
0.999972
0.999982
0.999952
0.992898
0.513083
0.999651
0.999277
0.999714
0.999961
0.999987
0.965819
0.979357
0.869620
0.965160
0.966789
0.829650
0.945472
0.902734
0.984154
0.996898
0.995191
0.992081
0.932829
0.976065
0.996011
0.999112
0.999968
0.994025
0.994080
0.999904
0.964613
0.992202
0.993340
0.730603
0.999720
0.999906
0.999511
0.926758
0.999711
0.999850
0.999017
0.999711
0.999895
0.999658
0.999254
0.994515
0.971168
0.908820
0.999972
0.999014
0.971663
0.999659
0.999848
0.650294
0.748875
0.961325
0.939198
0.998953
0.586769
0.672810
0.980175
0.900992
0.921137
0.999133
0.993213
0.789683
0.989062
0.982448
0.997800
0.995013
0.951447
0.998691
0.970718
0.999954
0.988019
0.999570
0.985411
0.730097
0.864495
0.868317
0.999600
0.999968
0.951450
0.992039
0.992248
0.984824
0.571976
0.968622
0.732352
0.932341
0.999998
0.999795
0.874999
0.999950
0.860641
0.999365
0.999860
0.999971
0.999942
0.988656
0.998042
0.999878
0.999979
0.915454
0.994088
0.981452
0.994854
0.998856
0.993231
0.934359
0.999306
0.998126
0.994709
0.874603
0.998116
0.999860
0.487946
1.000000
0.980345
0.939654
0.443040
0.988316
0.997632
0.995577
0.998832
0.999815
0.999959
0.999645
0.999906
0.991122
0.999146
0.999642
0.992448
0.999545
0.999875
0.999928
0.999845
0.998358
0.999771
0.999981
0.978342
0.998409
0.998741
0.997427
0.999743
0.999313
0.988914
0.947397
0.963442
0.999415
0.998002
0.968861
0.999855
0.996351
0.999963
0.999507
0.456934
0.798649
0.932264
0.991830
0.790283
0.987400
0.802239
0.999295
0.992947
0.997678
0.998892
0.999363
0.979834
0.999888
0.997911
0.999855
0.999998
0.999994
0.998081
0.999861
0.999988
0.999990
0.999942
0.999759
0.999988
0.999992
0.999982
0.999940
0.997892
0.999993
0.999906
0.999990
0.999993
0.999029
0.997918
0.744645
0.999959
0.974169
0.999511
0.996039
0.999967
0.964667
0.896160
0.992316
0.999083
0.993757
0.994898
0.973363
0.945752
0.596226
0.997308
0.984973
0.997203
0.959117
0.998766
0.722628
0.988957
0.986940
0.938086
0.998459
0.994053
0.999846
0.623447
0.990721
0.999808
0.986311
0.999384
0.999975
0.999922
0.999887
0.999981
0.999847
0.897391
0.999989
0.983066
0.999849
0.999994
0.999767
0.960931
0.984515
0.996823
0.999831
0.999973
0.719833
0.995652
0.526131
0.997136
0.999624
0.690207
0.878543
0.968367
0.885635
0.974381
0.995304
0.570030
0.999143
0.962767
0.961327
0.999836
0.994050
0.915730
0.996965
0.990335
0.986611
0.998605
0.999672
0.988998
0.999877
0.999977
0.975491
0.999252
0.989476
0.958682
0.610801
0.887271
0.998474
0.998731
0.989363
0.999979
0.671884
0.932080
0.969570
0.614753
0.982729
0.990770
0.997538
0.993545
0.997500
0.881063
0.995855
0.580499
0.983197
0.778162
0.993445
0.972798
0.973107
0.999076
0.945289
0.581744
0.988968
0.998630
0.993096
0.920977
0.848903
0.710786
0.999914
1.000000
1.000000
0.672931
0.730277
0.803514
0.938138
0.999744
0.880511
0.853244
0.815246
0.959659
0.999553
0.988375
0.907545
0.862060
0.973804
0.940103
0.999821
0.999867
0.994261
0.999719
0.999832
0.998615
0.990639
0.993991
0.998726
0.999789
0.598774
0.999064
0.991681
0.998151
0.999829
0.999928
0.994200
0.991806
0.999997
0.986116
0.999978
0.999901
0.994827
0.984078
0.977636
0.988289
0.986611
0.883393
0.956595
0.999783
0.999860
0.999860
0.999993
0.998997
0.999973
0.996885
0.999847
0.907978
0.999419
0.999653
0.999946
0.971249
0.999983
0.999200
0.999776
0.999998
0.997495
0.998504
0.970897
0.998802
0.996898
0.999177
0.999967
0.999906
0.999879
0.999026
0.973872
0.940022
0.920526
0.741177
0.994685
0.991650
0.955316
0.920038
0.843666
0.975709
0.996451
0.986989
0.992421
0.911732
0.995830
0.999811
1.000000
0.747012
0.983795
0.779662
0.418579
0.998212
0.973876
0.999023
0.999761
0.997693
0.993252
0.979448
0.897228
0.858429
0.946962
0.994222
0.902205
0.986266
0.852292
0.882420
0.857176
0.999836
0.999970
1.000000
1.000000
0.999560
0.999991
0.999943
0.733742
0.996215
0.995342
0.986378
0.711713
0.966298
1.000000
0.965691
0.995414
0.895129
0.998395
0.728118
0.999744
0.999966
1.000000
0.999994
0.999994
1.000000
0.999996
0.999973
0.999997
0.999951
0.999970
1.000000
0.986095
0.999998
0.999993
0.999250
0.803931
0.956247
0.648954
0.991992
0.979418
0.998346
0.356092
0.951208
0.481550
0.875735
0.999999
0.977153
0.983391
0.999997
0.921200
0.889622
0.990024
0.998029
0.582957
0.999065
0.541821
0.998607
0.636167
0.727093
0.970556
0.766258
0.999496
0.918273
0.999987
0.999712
0.924600
0.833258
0.985284
0.954620
0.998868
0.932498
0.898592
0.998141
0.998605
0.981146
0.998272
0.776741
0.975799
0.996208
0.998301
0.999713
0.803755
0.957944
0.999736
0.997464
0.921836
0.614823
0.951360
0.856067
0.999806
0.993967
0.778950
0.996634
0.999636
0.995472
0.975508
0.994656
0.996630
0.999513
0.999978
0.608633
0.999883
0.999992
0.999089
0.999735
0.998753
0.999995
0.974715
0.990245
0.959726
0.999650
0.950114
0.998688
0.986864
0.957800
0.999965
0.825845
0.999990
0.999136
0.999986
0.999781
0.923971
0.691343
0.896303
0.999905
0.996696
0.999944
0.999972
0.997106
0.874889
0.999801
0.999996
0.999936
0.998927
0.998695
0.995353
0.894825
0.995163
0.999891
0.999963
0.999833
0.999982
0.955817
0.989759
0.999958
0.999946
0.999928
0.762399
0.999944
0.949337
0.529937
0.996805
0.584502
0.999976
0.999867
0.999999
0.629546
0.963200
0.999999
0.920061
0.999999
0.799890
0.980383
0.999930
0.999997
0.999999
0.704231
0.999969
0.956688
0.999925
0.953412
0.989577
0.649688
0.992382
0.998038
0.999474
0.974548
0.999067
0.914406
0.693848
0.999997
0.999848
0.541534
0.830844
0.999997
0.999997
0.999974
0.996780
0.999635
0.999851
0.999992
1.000000
0.999999
0.997471
0.637924
0.907310
1.000000
0.999998
0.810637
0.997234
0.485222
0.873466
0.995302
0.995148
0.900369
0.762709
0.989682
0.976611
0.997554
0.999910
0.997221
0.992532
0.999391
0.685616
0.483854
0.832455
0.763564
0.792074
0.986174
0.999215
0.830084
0.606329
0.684630
0.525408
0.952868
0.999980
0.999927
0.977141
0.999954
0.999659
0.998964
0.999353
0.611981
0.998957
0.513449
0.998887
0.916109
0.999979
0.518156
0.858994
0.999736
0.986103
0.984793
0.986902
0.980682
0.997893
0.996744
0.990661
0.999409
0.998534
0.999501
0.974723
0.900049
0.530052
0.989799
0.999729
0.998089
0.999975
0.999610
0.999930
0.996001
0.932722
0.999115
0.997052
0.992061
0.551276
0.996840
0.999709
0.999849
0.999974
1.000000
0.999998
0.999999
1.000000
0.995635
1.000000
0.998499
0.999999
1.000000
1.000000
0.999912
0.999933
0.999991
0.999990
0.999992
0.999994
0.993374
1.000000
0.999993
0.999993
1.000000
1.000000
1.000000
1.000000
0.999991
1.000000
0.999992
1.000000
1.000000
1.000000
0.999996
1.000000
1.000000
0.999996
0.748722
0.999951
1.000000
1.000000
1.000000
0.998878
1.000000
0.910987
0.993321
1.000000
0.999999
0.999998
1.000000
1.000000
0.999617
0.949554
1.000000
1.000000
1.000000
1.000000
1.000000
1.000000
0.999172
1.000000
0.999848
0.996304
0.999994
1.000000
0.987423
1.000000
0.999976
0.999001
1.000000
0.998244
1.000000
0.999668
1.000000
0.999993
1.000000
0.999998
0.999946
1.000000
0.999987
0.999998
1.000000
1.000000
0.999911
0.999991
1.000000
0.999922
0.999999
0.999998
0.999999
0.999999
1.000000
0.998547
0.966434
0.989056
0.867772
0.996706
0.999636
0.978408
0.908763
1.000000
0.997722
0.999840
0.998481
0.999999
0.999999
0.999938
0.605670
0.999126
0.542158
0.999997
1.000000
0.999817
1.000000
0.999947
1.000000
0.998818
0.999998
0.999992
0.999996
0.999995
1.000000
0.999999
0.999945
0.999909
0.810688
0.957468
0.963610
0.999410
0.695574
0.999416
0.878094
0.998110
0.990435
0.999459
0.974997
0.999554
0.941124
0.998607
0.535680
0.608447
0.895572
0.475361
0.585886
0.910482
0.879038
0.989077
0.948166
0.827989
0.971623
0.845349
0.993094
0.990676
0.999840
0.464208
0.598003
0.998632
0.999991
0.987546
0.989614
0.992407
0.992773
0.865781
0.667213
0.989247
0.936726
0.951652
0.931365
0.999547
0.753704
0.999935
0.805893
0.996425
0.959463
0.998763
0.996951
0.999825
0.999873
0.997524
0.999929
0.999290
0.999997
1.000000
0.999957
0.999999
1.000000
1.000000
0.999971
0.999994
0.999955
0.997054
0.999996
0.999958
0.998333
0.999998
0.998127
0.999992
0.993581
1.000000
0.999998
1.000000
1.000000
0.999941
1.000000
1.000000
1.000000
1.000000
0.999993
0.999980
0.999954
1.000000
0.999990
0.999993
1.000000
1.000000
0.999994
0.999999
1.000000
1.000000
1.000000
1.000000
1.000000
0.999999
1.000000
0.999964
1.000000
0.999937
0.999766
0.998991
0.999999
1.000000
0.999733
1.000000
0.999984
1.000000
1.000000
1.000000
1.000000
0.999998
1.000000
1.000000
1.000000
1.000000
1.000000
1.000000
1.000000
0.999999
1.000000
0.999988
1.000000
0.999983
1.000000
0.999988
0.999996
1.000000
0.608899
1.000000
0.999999
1.000000
0.993517
1.000000
0.999982
0.999998
1.000000
0.999994
0.999998
0.999831
0.999999
0.999984
1.000000
1.000000
1.000000
1.000000
0.999996
1.000000
1.000000
0.999682
0.999944
0.999970
0.999999
0.882552
0.999928
0.974398
0.879278
0.615586
0.972619
0.999894
0.996521
0.999987
1.000000
0.999989
0.999996
1.000000
0.999994
1.000000
1.000000
0.999662
0.999996
0.988927
1.000000
0.999997
1.000000
0.999991
0.999945
0.999984
1.000000
1.000000
0.983957
0.916061
0.999736
1.000000
0.999940
0.944748
0.999993
1.000000
0.999997
0.999999
0.999998
0.999999
1.000000
1.000000
1.000000
0.999997
1.000000
0.999997
1.000000
0.856190
0.951171
0.992703
0.999839
0.996313
0.911374
0.971788
0.943011
0.998500
0.999658
0.956636
1.000000
0.999999
0.686355
0.930552
1.000000
1.000000
0.953602
0.999768
1.000000
0.970505
0.993451
0.996977
0.847639
1.000000
0.993174
0.882116
1.000000
1.000000
0.993931
0.936514
0.985669
0.962727
0.619402
0.901866
0.582961
0.611703
0.923127
0.870918
0.976627
0.773888
0.965204
0.534982
0.665232
0.990289
0.996025
0.977980
0.996296
0.949706
0.986207
0.999952
0.998364
0.999478
0.995587
1.000000
1.000000
0.999981
0.999901
0.999999
0.952158
0.999863
0.997680
0.999923
1.000000
0.984274
0.761354
0.663939
0.876934
1.000000
1.000000
0.999136
0.999997
0.999995
0.999991
1.000000
0.612534
0.999934
0.997151
0.999990
1.000000
0.491610
0.999784
0.999945
0.988750
0.999946
0.999718
0.999160
0.999994
1.000000
0.952679
0.999903
1.000000
1.000000
0.977417
0.999992
0.995961
0.999190
0.999986
1.000000
1.000000
1.000000
0.999992
0.999756
0.999994
0.999970
0.930486
0.957510
0.976537
0.994686
0.999900
0.999932
0.996643
0.999916
0.998659
0.999899
0.997944
0.999884
0.999171
1.000000
0.997781
1.000000
0.999988
0.999982
0.999997
0.999990
0.820911
1.000000
0.999997
0.999943
0.999997
1.000000
0.999996
1.000000
0.999999
1.000000
1.000000
0.999919
0.488777
0.997965
0.999999
1.000000
1.000000
0.999879
0.999943
0.999998
0.999952
0.808070
0.972211
0.999801
0.896976
0.999992
0.999567
0.999767
0.999563
0.999993
0.973770
0.999990
0.999910
0.999439
0.958964
1.000000
0.999999
0.999944
0.999997
0.999996
0.998114
1.000000
1.000000
1.000000
0.740206
0.860477
1.000000
1.000000
1.000000
1.000000
1.000000
0.999992
1.000000
1.000000
0.999583
0.992206
1.000000
1.000000
1.000000
1.000000
1.000000
0.997872
0.999998
1.000000
0.999991
0.999991
1.000000
1.000000
0.726938
1.000000
0.999936
0.997836
0.999105
0.999996
0.998616
0.762121
0.999980
0.998238
0.999727
0.999997
1.000000
1.000000
0.999747
0.931650
0.584968
0.999998
0.999999
1.000000
1.000000
1.000000
1.000000
0.999973
1.000000
1.000000
1.000000
1.000000
1.000000
1.000000
1.000000
1.000000
1.000000
1.000000
1.000000
1.000000
1.000000
1.000000
1.000000
1.000000
1.000000
1.000000
1.000000
1.000000
1.000000
0.999992
1.000000
1.000000
1.000000
1.000000
1.000000
0.999999
1.000000
1.000000
1.000000
1.000000
1.000000
1.000000
0.999971
0.999997
0.999981
0.999728
0.999759
1.000000
0.999704
1.000000
0.999788
0.999999
0.999983
0.999999
1.000000
1.000000
1.000000
1.000000
0.995628
0.999992
1.000000
1.000000
0.999998
1.000000
1.000000
1.000000
0.999952
1.000000
0.999993
0.999997
1.000000
1.000000
1.000000
1.000000
1.000000
1.000000
1.000000
1.000000
1.000000
1.000000
1.000000
1.000000
1.000000
1.000000
1.000000
0.999984
1.000000
1.000000
0.999173
0.999993
0.999997
0.999999
1.000000
1.000000
0.999994
1.000000
1.000000
1.000000
0.999998
1.000000
1.000000
1.000000
0.999999
1.000000
0.999975
1.000000
1.000000
1.000000
1.000000
1.000000
0.621426
0.998829
1.000000
1.000000
1.000000
1.000000
1.000000
1.000000
1.000000
1.000000
1.000000
1.000000
0.999998
1.000000
1.000000
0.997520
1.000000
0.992333
0.999998
1.000000
1.000000
1.000000
1.000000
1.000000
1.000000
1.000000
0.999999
1.000000
0.999972
1.000000
0.999927
0.999929
0.999996
1.000000
0.999644
1.000000
1.000000
0.999854
0.999803
0.950715
1.000000
0.999997
1.000000
1.000000
1.000000
1.000000
0.999974
0.999979
1.000000
0.999981
1.000000
1.000000
0.787702
0.928274
0.999996
0.999999
1.000000
0.999989
1.000000
1.000000
1.000000
0.999998
1.000000
0.999984
1.000000
1.000000
1.000000
1.000000
1.000000
1.000000
1.000000
1.000000
1.000000
1.000000
1.000000
1.000000
1.000000
1.000000
1.000000
1.000000
1.000000
1.000000
1.000000
1.000000
1.000000
1.000000
1.000000
0.999805
1.000000
1.000000
1.000000
0.999984
1.000000
1.000000
1.000000
0.999998
1.000000
1.000000
0.996332
0.999992
0.999931
0.572535
0.999981
0.997601
0.999999
0.972136
1.000000
0.695319
0.999998
0.951669
0.997675
0.923997
0.999075
0.999521
0.999930
1.000000
1.000000
1.000000
1.000000
0.789397
1.000000
1.000000
1.000000
1.000000
1.000000
1.000000
1.000000
1.000000
1.000000
1.000000
1.000000
0.999998
0.999999
0.999995
1.000000
0.999999
1.000000
0.999998
0.970689
0.785053
0.992857
0.999997
0.933763
0.569842
0.883138
0.786723
