0.999937
0.999759
0.999986
0.782126
0.999735
1.000000
0.955861
0.998954
0.999995
0.999999
0.998977
1.000000
0.999997
0.987230
0.966361
1.000000
0.999277
1.000000
1.000000
0.999894
1.000000
0.999997
0.999919
1.000000
1.000000
1.000000
0.993269
1.000000
1.000000
1.000000
0.999779
0.995740
0.999838
0.999984
0.752982
0.999999
0.999982
0.998886
0.998693
0.999128
0.945159
1.000000
0.999486
0.995625
0.996571
0.999997
0.935854
0.999974
0.999979
0.999860
1.000000
0.875834
0.982503
0.999984
0.991276
1.000000
1.000000
1.000000
0.999986
0.998611
1.000000
0.999998
0.999966
0.999839
1.000000
0.999970
0.978343
0.999384
0.999946
0.999522
0.999979
1.000000
1.000000
0.999997
0.999640
0.994205
0.999104
0.999244
0.933432
1.000000
1.000000
0.999990
0.956522
0.999964
0.889827
0.999589
0.999973
1.000000
0.973242
0.997128
0.999807
0.999984
1.000000
1.000000
0.999957
0.999998
0.999990
1.000000
0.999675
0.999988
0.999764
0.999993
0.998690
0.999980
0.974637
1.000000
1.000000
0.999999
0.999999
1.000000
0.999914
0.999953
0.985638
0.999999
0.999939
1.000000
0.999950
0.995820
0.999998
0.999993
0.999988
0.994023
0.999989
1.000000
1.000000
0.999794
1.000000
1.000000
0.998755
1.000000
0.991486
0.999967
1.000000
0.996045
0.986229
0.944019
0.999914
0.999991
0.998266
0.999992
0.964474
0.995851
0.978326
0.993719
0.999969
0.999938
0.998378
0.999876
0.987782
0.587578
1.000000
0.999999
0.997621
0.844218
0.998694
0.999956
0.954378
0.840336
0.999905
0.994979
0.982011
0.858568
0.821987
0.981848
0.872550
0.998318
0.982040
0.996097
0.969789
0.958793
0.998469
0.999909
0.996117
0.999691
0.997813
0.909716
0.850777
0.838826
0.977781
0.993372
0.989661
0.893924
0.489033
0.849336
0.967859
0.781977
0.980015
0.724425
0.885893
0.627962
0.790135
0.989432
0.995044
0.496560
0.959371
0.691475
0.504327
0.996106
0.669544
0.982880
0.998755
0.994970
0.834503
0.948705
0.703611
0.630194
0.876989
0.999852
0.930485
0.765955
0.799065
0.982654
0.510911
0.912579
0.721542
0.926603
0.526141
0.881471
0.966015
0.988869
0.681185
0.654998
0.812878
0.415955
0.680541
0.681561
0.999998
1.000000
0.682388
1.000000
1.000000
0.999999
0.999670
0.999998
1.000000
1.000000
1.000000
1.000000
0.999982
0.619585
0.999996
1.000000
0.999999
1.000000
0.999999
0.910294
0.970475
0.983326
0.917567
0.616959
0.799521
0.530433
0.790500
0.999149
0.778472
0.998681
0.576658
0.997881
0.999309
0.913238
0.999994
0.755604
0.788898
0.992934
0.999997
0.999995
0.999900
0.991476
0.999525
0.999999
0.999255
0.999997
0.999989
0.999203
0.931860
0.987285
0.913476
0.999986
0.998623
0.493060
0.994419
0.447740
0.686179
0.411607
0.497341
0.933977
0.954032
0.997055
0.458623
0.719786
0.988479
0.626160
0.982835
0.999980
0.997822
0.972554
0.986701
0.590393
1.000000
0.974820
0.915616
0.567540
0.952140
0.795889
0.803644
0.999608
0.984379
0.927163
0.939894
0.427813
0.999999
0.533268
0.630774
0.992568
0.658037
0.966514
0.616550
0.646729
0.682709
0.999987
0.999998
0.952046
0.958652
0.955608
0.999386
0.998063
0.516901
0.997791
0.977365
0.999457
1.000000
0.999896
0.991922
0.999969
0.966571
0.915116
0.998930
0.999791
0.999781
0.999906
0.775561
0.999967
0.999997
0.980132
0.957567
0.999975
0.983464
0.848597
0.998939
0.999717
0.924954
0.991013
0.999964
0.999413
0.973851
0.959856
0.878960
0.674410
0.999946
0.810972
0.933583
0.986579
0.993744
0.992926
0.999259
0.703968
0.981472
0.999824
0.966443
0.999397
0.999800
1.000000
0.999988
0.999758
0.999994
0.999999
0.999934
1.000000
0.999916
0.999997
0.999840
0.999924
1.000000
0.999946
0.998047
0.999628
0.999998
1.000000
0.999990
0.999984
0.999989
0.999996
0.999376
0.999864
0.994726
0.985186
0.998430
0.997292
0.820316
0.774303
0.698324
0.969416
0.995577
0.876744
0.605930
0.848250
0.995343
0.951297
0.947634
0.999835
0.999977
0.999979
0.964602
0.999999
0.999989
0.988723
1.000000
0.999934
0.997946
1.000000
1.000000
0.999992
0.999999
0.999246
0.999999
1.000000
0.999976
0.999999
0.999990
1.000000
1.000000
0.999992
1.000000
0.999975
1.000000
0.999999
0.999988
1.000000
0.999998
0.961479
0.989486
0.999886
0.999866
0.997730
1.000000
0.936059
0.857184
0.986093
0.940943
0.999999
0.986821
0.751461
0.436529
0.768250
0.983915
0.969280
0.948914
0.999183
0.994345
0.963723
0.873738
0.963154
0.994628
0.714016
0.974332
0.879542
0.999991
0.999440
0.981374
0.952888
0.767953
0.917460
0.993529
0.990586
0.989029
0.991693
0.964391
0.953310
0.891606
0.983118
0.902039
0.999985
0.999966
0.997507
0.999957
0.999999
0.999916
0.820523
0.999970
0.961194
0.999663
0.999998
0.993365
0.957323
0.950489
0.998164
0.999971
0.999007
0.992249
0.998264
0.953014
0.999576
0.998286
0.856063
0.990813
0.898331
0.904121
0.921007
0.934451
0.739764
0.378975
0.923547
0.921237
0.634537
0.934759
0.774725
0.997065
0.922565
0.956591
0.996935
0.995329
0.908060
0.551431
0.873420
0.951330
0.999926
1.000000
0.999879
0.999996
1.000000
0.949793
0.996873
0.957654
0.910519
0.395518
0.594621
0.993493
0.847827
0.946603
0.999931
0.999600
0.916939
0.529981
0.956268
0.960555
0.980889
0.338227
0.985381
0.973943
0.998726
1.000000
0.999220
0.980561
0.999809
0.999880
0.968544
0.936590
0.979712
0.955804
0.999999
0.938895
0.993581
0.911701
0.999987
0.750688
0.764036
0.997947
0.956202
0.943528
0.845416
0.929017
0.759946
0.914236
0.536975
0.989583
0.948060
0.940935
0.416815
0.824563
0.957645
0.995878
0.998459
0.872199
0.953000
0.967985
0.837019
0.957298
0.995860
0.974479
0.999985
0.597535
0.994038
0.993536
0.999998
0.999916
0.863848
0.996981
0.999835
0.999771
0.863822
0.999770
0.999817
0.999999
0.913896
0.990143
0.996484
0.961566
0.954927
0.999926
0.999940
0.991664
0.999998
0.995910
1.000000
0.999993
0.993566
0.998823
0.543433
0.999952
0.999670
0.983207
0.901260
0.982499
0.999998
0.999999
0.999980
1.000000
0.999991
0.999933
1.000000
0.999999
0.856641
1.000000
0.974719
0.999933
0.999597
0.992221
0.999970
0.999952
0.999990
0.998907
0.998338
0.966800
0.653614
0.998201
0.762405
0.962669
0.702962
0.611246
0.999671
0.532127
0.981203
0.942337
0.994045
0.999892
0.999894
0.960284
0.982347
0.918637
0.992906
0.811242
0.924665
0.868877
0.905129
0.851086
0.748339
0.949814
0.948877
0.996777
0.774853
0.989144
0.965794
0.979961
0.975467
0.974624
0.391104
0.956003
0.926232
0.917575
0.933215
0.996441
0.992407
0.995022
0.994260
0.986510
0.908297
0.708668
0.748397
0.826758
0.636099
0.979305
0.995536
0.981150
0.600501
0.465241
0.993238
0.997861
0.958811
0.980144
0.871006
0.881178
0.995730
0.998394
0.971199
0.988552
0.847176
0.945349
0.977922
0.921636
0.755639
0.666024
0.856886
0.504158
0.838105
0.972254
0.918004
0.519380
0.996371
0.988238
0.838029
0.942985
0.985128
0.902153
0.997771
0.876697
0.977718
0.997723
0.996711
0.870430
0.638969
0.737985
0.788818
0.441795
0.690575
0.355617
0.841182
0.366397
0.997268
0.826365
0.931200
0.872518
0.900356
0.973758
0.995120
0.859676
0.977192
0.886299
0.745143
0.985820
0.578915
0.756346
0.764916
0.884181
0.494612
0.786561
0.882943
0.925471
0.983623
0.999833
0.753739
0.705378
0.773832
0.807883
0.991673
0.981509
0.700948
0.921270
0.591639
0.685854
0.735367
0.849903
0.727164
0.998820
0.804464
0.994218
0.470734
0.803828
0.760050
0.512547
0.617432
0.740650
0.745634
0.860795
0.864450
0.999097
0.977337
0.993737
0.958119
0.756964
0.517652
0.769027
0.703976
0.999754
0.725296
0.907171
0.972981
0.999533
0.996478
0.663120
0.999942
0.985953
0.888514
0.928396
0.945749
0.616109
0.930550
0.919723
0.646772
0.937948
0.963733
0.579442
0.591671
0.693976
0.960858
0.880912
0.999589
0.825109
0.832256
0.994666
0.802570
0.923915
0.989015
0.747955
0.547086
0.990907
0.716845
0.501374
0.551758
0.827712
0.767748
0.866068
0.938737
0.951258
0.958515
0.941572
0.851870
0.999039
0.882818
0.929910
0.920834
0.904817
0.428196
0.991375
0.999750
0.824093
0.830023
0.989676
0.564842
0.996143
0.839918
0.999710
0.924417
0.751496
0.985566
0.786630
0.915092
0.696943
0.980557
0.992300
0.860440
0.714379
0.617989
0.996611
0.890885
0.999841
0.993834
0.577799
0.571206
0.983162
0.971671
0.839376
0.999803
0.543537
0.998915
0.999992
0.634717
0.784781
0.998926
0.999599
0.730926
0.959805
0.955933
0.999923
0.989783
0.967151
0.602919
0.781325
0.953002
0.966370
0.946408
0.843362
0.416146
0.703097
0.995488
0.765460
0.999240
0.999997
0.999810
0.819912
0.895118
0.523262
0.520204
0.714939
0.969583
0.882482
0.978669
0.618440
0.614116
0.482098
0.363662
0.380974
0.993617
1.000000
0.963368
0.999044
0.543587
1.000000
1.000000
0.999997
0.994427
0.977645
0.990526
0.999982
0.999565
0.914577
0.999998
0.999983
0.999998
0.999856
0.999984
0.987458
0.674096
1.000000
1.000000
0.968154
0.999987
0.999998
0.985688
0.999982
0.998753
0.953102
0.978319
0.982819
0.993075
0.999919
0.999972
0.999989
0.999959
0.911470
0.907996
0.999999
0.998163
0.902289
0.999996
0.999995
1.000000
0.999973
0.994848
1.000000
0.999999
0.999590
0.535877
0.667404
0.785900
0.995571
0.997228
0.625952
0.995648
0.991204
0.999896
1.000000
0.999992
0.999995
0.999938
0.998704
1.000000
0.989048
0.999998
0.999556
0.999972
0.991458
0.994648
0.998785
0.999604
0.999977
1.000000
0.970764
0.999997
0.999969
0.999996
0.999997
1.000000
1.000000
0.999998
0.997485
1.000000
0.998795
1.000000
0.999982
1.000000
0.999955
1.000000
1.000000
0.999079
0.732770
0.988060
1.000000
1.000000
1.000000
0.999992
1.000000
0.998673
1.000000
1.000000
1.000000
1.000000
0.999999
0.999887
0.786593
0.630981
1.000000
1.000000
0.999216
1.000000
1.000000
0.999994
0.996568
1.000000
0.999999
0.999999
0.994285
0.999999
0.999999
0.985644
0.999997
0.993926
1.000000
0.999776
1.000000
0.999142
1.000000
0.999999
0.999413
1.000000
0.986620
0.997104
1.000000
1.000000
1.000000
1.000000
0.999584
0.999828
1.000000
0.999999
0.999992
1.000000
0.995819
0.999995
0.999974
0.976175
0.997225
0.979053
0.993963
1.000000
0.503160
0.998960
0.993657
0.999999
0.999988
0.999990
0.997423
1.000000
1.000000
0.985187
0.714430
0.778812
1.000000
1.000000
0.588689
0.999328
1.000000
1.000000
1.000000
0.996345
1.000000
0.999998
0.990203
0.999968
0.999999
0.999980
0.994195
0.999621
0.849503
0.998226
0.914197
0.999997
0.919352
0.999992
0.826754
0.871410
0.963134
0.721742
0.638304
0.917594
0.916670
0.617167
0.972072
0.950595
0.997146
0.755445
0.996865
0.999934
0.652263
0.927835
0.770911
0.986123
0.377087
0.884781
0.639285
0.996728
0.766880
0.812966
0.909077
0.774902
0.847238
0.996564
0.999982
0.491394
0.965539
0.999984
0.528234
0.908938
0.706851
0.955612
0.689545
0.355370
0.983709
0.888974
0.630826
0.819897
0.688341
0.411038
0.999828
0.954429
0.838058
0.615632
0.996282
0.981848
0.794492
0.860047
0.880665
0.999937
0.996761
0.999990
1.000000
0.999987
1.000000
0.997722
0.999979
0.999986
1.000000
0.999999
0.999993
0.999987
0.731909
0.999455
1.000000
0.999972
1.000000
0.998730
0.999918
0.999351
0.999998
0.991824
0.999999
0.999795
0.915536
0.999773
1.000000
1.000000
1.000000
0.999993
0.999768
1.000000
0.999998
0.999997
0.997697
1.000000
0.999997
0.999054
0.999126
0.999974
1.000000
1.000000
0.999765
0.999985
0.867913
0.890197
0.999999
0.999965
0.999337
0.999631
0.999099
0.999013
0.999993
0.999982
1.000000
1.000000
0.993665
1.000000
1.000000
1.000000
0.999999
0.998930
1.000000
1.000000
0.999989
1.000000
1.000000
0.999992
1.000000
1.000000
0.999992
0.999997
0.999985
1.000000
0.999755
0.999975
1.000000
1.000000
0.999994
1.000000
1.000000
0.997335
0.999999
0.999996
1.000000
1.000000
1.000000
0.999989
0.999468
0.999995
0.999913
0.999996
1.000000
1.000000
1.000000
0.999774
1.000000
0.999916
0.999909
0.999694
1.000000
0.999954
0.652978
0.958617
0.745282
0.679609
0.694551
0.917505
0.541851
0.930539
0.999653
0.999764
1.000000
1.000000
0.999988
1.000000
0.999401
1.000000
1.000000
0.999909
0.795142
0.999999
0.999704
1.000000
1.000000
1.000000
0.999585
0.999998
1.000000
0.999934
0.516298
0.874067
0.999885
1.000000
0.999998
0.999995
0.999875
1.000000
1.000000
1.000000
0.999999
1.000000
1.000000
1.000000
1.000000
0.994013
1.000000
1.000000
1.000000
0.819858
0.883862
0.946194
0.984872
0.998460
0.968526
0.987609
0.915881
0.990717
0.968558
0.686908
0.680949
0.998418
0.857094
0.998835
0.977378
0.913544
0.765153
0.999999
0.999999
0.681183
0.989378
0.998183
0.971233
0.986634
0.990959
0.999981
1.000000
0.999261
0.963318
0.557359
0.714183
0.687649
0.958009
0.374612
0.876485
0.933231
0.444621
0.747724
0.776012
0.470680
0.961238
0.757516
0.622920
0.632710
0.672498
0.953222
0.898567
0.998345
0.990131
0.665231
0.797605
0.994300
0.901906
0.999642
1.000000
1.000000
1.000000
0.999989
1.000000
0.659887
0.999956
0.999474
0.997545
0.999989
0.999999
0.975530
0.990210
0.771521
0.999961
1.000000
0.584250
0.381567
1.000000
0.999895
0.999999
1.000000
0.997253
0.999875
0.999958
0.999997
0.617818
0.999907
0.997538
0.562675
0.802029
0.999979
0.999991
0.451017
0.999940
0.999998
1.000000
0.812870
0.863233
1.000000
0.999996
0.839442
0.999973
0.999996
0.988904
0.999998
0.999995
0.999709
1.000000
0.999330
0.999988
0.999999
1.000000
0.883403
0.787394
0.954947
0.988348
1.000000
0.999990
0.999124
0.996851
0.999759
0.961665
0.999686
0.651459
0.999991
0.885945
1.000000
0.999909
0.999993
0.999817
0.785809
1.000000
1.000000
1.000000
0.987381
0.998317
0.999612
1.000000
1.000000
1.000000
1.000000
1.000000
0.999293
1.000000
1.000000
0.984147
0.989026
0.999387
0.999998
1.000000
1.000000
0.999407
0.999994
0.984899
0.998426
0.990019
0.931685
0.999997
0.994079
0.999989
0.988505
0.999986
0.931442
0.999995
0.999741
0.991719
0.999788
0.998380
0.783001
1.000000
1.000000
0.999983
0.999918
0.999997
0.998248
0.999993
0.999997
0.999999
1.000000
1.000000
1.000000
1.000000
1.000000
0.919250
0.964096
1.000000
1.000000
0.963074
0.501056
1.000000
1.000000
1.000000
0.999996
1.000000
0.885656
1.000000
0.999995
0.996808
0.996663
1.000000
1.000000
0.970784
0.686468
0.999999
0.979758
0.979357
0.999998
0.998168
0.808082
0.999853
0.857126
0.994280
0.899976
0.999991
1.000000
0.975667
0.586662
0.924923
0.999999
0.999951
0.998021
0.999881
1.000000
1.000000
0.999903
0.999999
0.999963
1.000000
1.000000
1.000000
1.000000
1.000000
1.000000
0.999993
1.000000
1.000000
1.000000
0.999988
1.000000
1.000000
1.000000
1.000000
0.999982
1.000000
0.999993
1.000000
0.999915
1.000000
0.999779
1.000000
1.000000
1.000000
1.000000
1.000000
1.000000
1.000000
1.000000
0.999949
1.000000
0.999434
0.999929
0.813767
0.806972
0.962489
1.000000
0.999330
1.000000
0.999998
0.998557
0.997045
0.999914
0.999969
1.000000
0.998662
0.999999
0.888872
0.539227
0.999716
0.997997
0.999596
0.953962
0.999870
1.000000
1.000000
0.999999
0.999750
0.998336
0.982151
1.000000
0.999985
0.999880
0.999928
0.984279
0.999987
0.999888
1.000000
0.999996
0.999850
1.000000
1.000000
1.000000
1.000000
0.999983
0.999743
1.000000
0.999999
1.000000
0.999992
0.999984
1.000000
1.000000
1.000000
0.998499
0.999999
1.000000
1.000000
0.999985
0.997424
1.000000
1.000000
1.000000
1.000000
0.999999
0.997042
0.999998
1.000000
1.000000
1.000000
0.982865
0.999996
1.000000
0.999957
0.999999
0.999993
1.000000
0.986555
0.999997
1.000000
1.000000
0.999849
0.999999
0.999998
0.998399
0.999984
1.000000
1.000000
0.999966
1.000000
1.000000
1.000000
1.000000
1.000000
1.000000
1.000000
0.999997
0.976348
0.999400
0.999999
0.922152
0.999770
1.000000
1.000000
0.859728
1.000000
0.999170
1.000000
0.997155
0.998619
0.999946
0.878196
1.000000
0.999626
0.999002
0.999996
0.999925
0.999754
0.971313
0.999939
0.999999
1.000000
0.999996
1.000000
1.000000
1.000000
0.999999
1.000000
1.000000
1.000000
1.000000
1.000000
0.998085
1.000000
1.000000
1.000000
1.000000
1.000000
1.000000
0.999995
1.000000
1.000000
1.000000
1.000000
1.000000
1.000000
1.000000
1.000000
0.999998
1.000000
1.000000
1.000000
0.999005
0.999980
0.999999
1.000000
0.997627
1.000000
1.000000
1.000000
1.000000
1.000000
0.979731
0.999812
0.790092
1.000000
1.000000
1.000000
0.852562
0.956020
0.784763
1.000000
0.772219
1.000000
0.939814
0.839487
0.925221
0.813492
0.925599
0.834539
0.999996
1.000000
1.000000
1.000000
1.000000
0.813890
1.000000
1.000000
0.999991
1.000000
1.000000
1.000000
0.970785
0.999999
1.000000
0.999993
1.000000
0.999999
0.999991
1.000000
0.999996
0.999999
0.999936
1.000000
0.999993
0.544401
0.999003
0.728864
0.962937
0.853763
0.999731
0.813111
