1.000000
1.000000
1.000000
0.868793
0.999952
1.000000
0.999447
0.999422
1.000000
1.000000
0.999849
1.000000
1.000000
0.998466
0.998039
1.000000
0.999253
1.000000
1.000000
0.999673
1.000000
1.000000
0.999933
1.000000
1.000000
1.000000
0.969664
1.000000
0.971209
1.000000
0.999499
0.999476
0.999801
0.999997
0.986083
0.999989
0.999837
0.999801
0.998384
0.990643
0.991704
1.000000
0.999822
0.995439
0.999679
0.999998
0.916587
1.000000
0.999983
1.000000
0.999998
0.984320
0.918938
0.998720
0.997954
0.999999
1.000000
0.999999
0.999994
0.998875
1.000000
1.000000
0.998374
0.996327
0.999997
0.999701
0.958179
0.999774
1.000000
0.999838
0.999928
1.000000
1.000000
0.999999
0.997612
0.999819
0.999934
0.999474
0.979308
1.000000
1.000000
0.999877
0.964583
0.999970
0.892943
0.997014
0.998702
1.000000
0.999576
0.999961
0.999997
1.000000
1.000000
0.999999
1.000000
0.999484
1.000000
0.999957
0.999963
0.999770
0.999732
0.999731
0.999982
0.993533
0.999980
1.000000
1.000000
1.000000
1.000000
0.999942
0.999987
0.993851
1.000000
0.999986
1.000000
0.999998
0.999369
1.000000
0.999999
0.999997
0.978730
0.999999
1.000000
1.000000
0.999986
1.000000
1.000000
0.998200
1.000000
0.996571
0.999990
0.999999
0.999676
0.998008
0.998323
0.999982
0.999334
0.999889
0.998663
0.518949
0.838157
0.988279
0.992287
0.853088
0.994035
0.998237
0.998414
0.978236
0.720563
0.999932
0.999985
0.990096
0.971095
0.999056
0.993863
0.740695
0.833734
0.998875
0.989847
0.993563
0.987911
0.840828
0.999704
0.617250
0.986108
0.959677
0.984541
0.955700
0.998604
0.998614
0.999715
0.746730
0.999928
0.996348
0.599168
0.638531
0.948052
0.999389
0.929576
0.842062
0.909256
0.525704
0.533587
0.837817
0.976596
0.493544
0.964501
0.680144
0.789610
0.981320
0.964784
0.972900
0.956977
0.846783
0.530492
0.996670
0.999911
0.999683
0.858615
0.996295
0.633548
1.000000
0.999983
0.973856
0.980515
0.877818
0.815124
0.916712
0.507712
0.756157
0.529485
0.890229
0.977714
0.567036
0.698280
0.461650
0.748038
0.748547
0.379809
0.606214
0.996575
0.998760
0.762386
0.999564
0.997816
0.999891
0.993923
0.998037
0.998366
0.999548
0.997738
0.999541
0.925896
0.999693
0.999388
0.997027
0.999987
0.998910
0.854874
0.999998
0.967391
0.937138
0.796895
0.643523
1.000000
0.800496
0.756783
0.979889
0.629427
0.879049
0.975937
0.812549
0.998872
0.449791
0.912423
0.662551
0.320791
0.980767
0.998752
0.972723
0.958583
0.778657
0.923982
0.998495
0.987724
0.998850
0.984234
0.926430
0.855522
0.630549
0.984036
0.994754
0.450130
0.973368
0.796600
0.753428
0.999869
0.994662
0.793313
0.646981
0.993667
0.713920
0.954643
0.995586
0.813554
0.900304
0.765523
0.950692
0.764286
0.557818
0.809467
0.970067
0.983024
0.474720
0.996593
0.999997
0.631180
0.985369
0.540342
0.525486
0.682628
0.985820
0.995069
0.979555
0.762742
0.983900
0.970241
0.944258
0.531460
0.971033
0.999716
0.843775
0.999733
0.996229
0.835986
0.746721
0.940894
0.993134
0.996761
0.999197
0.992546
0.539232
0.839354
0.986356
0.506758
0.547362
0.938033
0.613155
0.592907
0.964813
0.987388
0.966336
0.652381
0.914762
0.908069
0.622209
0.700953
0.877058
0.966420
0.814842
0.938285
0.893276
0.748834
0.990223
0.999778
0.981254
0.954543
0.994348
0.949468
0.955165
0.988765
0.975820
0.972440
0.944086
0.980579
0.961872
0.999446
0.998984
0.998702
0.999377
0.987492
0.996784
0.999478
0.998819
0.957600
0.965502
0.995972
0.975866
0.761269
0.502677
0.988870
0.934599
0.489635
0.722206
0.519462
0.508727
0.997170
0.977508
0.985017
0.998762
0.690073
0.999818
0.994259
0.951746
0.999996
0.999955
0.999572
0.986915
0.993778
0.999732
0.999674
0.993892
0.998404
0.496633
0.999956
0.999276
0.999855
0.999352
0.986313
0.993803
0.991213
0.999690
0.999527
0.987910
0.494575
0.740104
0.835052
0.876670
0.992869
0.984116
0.892955
0.839476
0.985377
0.730158
0.385101
0.433635
0.732024
0.974077
0.995694
0.926258
0.917216
0.948706
0.994314
0.994498
0.935198
0.999500
0.997576
0.966855
0.971696
0.940954
0.685700
0.645010
0.888586
0.994029
0.982792
0.538543
0.988121
0.966872
0.873094
0.780567
0.971893
0.949173
0.996618
0.998666
0.999909
0.999861
0.998935
0.997938
0.664037
0.985000
0.987324
0.986914
0.999700
0.998941
0.947495
0.907034
0.987496
0.497150
0.999591
0.953960
0.957131
0.999168
0.999466
0.974175
0.756523
0.853040
0.790589
0.933799
0.991261
0.646760
0.619231
0.993559
0.998451
0.612165
0.990093
0.976293
0.475851
0.746373
0.490608
0.993080
0.991470
0.999957
0.999946
0.996172
0.999980
1.000000
0.929564
0.999977
0.690763
0.997375
0.826400
0.630885
0.979580
0.992634
1.000000
0.745165
0.541374
0.518924
0.849844
0.526685
0.954948
0.967564
0.994991
0.779410
0.996154
0.999620
0.912572
0.811847
0.929771
0.932322
0.396240
0.571939
0.976220
0.628434
0.999545
0.859267
0.664719
0.871826
0.999815
0.943240
0.568085
0.554214
0.933151
0.873726
0.946341
0.894472
0.855398
0.556118
0.994943
0.930698
0.741292
0.909638
0.816261
0.858415
0.973949
0.796643
0.507616
0.812252
0.754042
0.646610
0.893606
0.668516
0.999065
0.649137
0.982026
0.997653
0.984837
0.597139
0.998851
0.997460
0.881731
0.596256
0.993116
0.891280
0.814085
0.657692
0.891286
0.948111
0.871670
0.820079
0.967774
0.998681
0.866614
0.999912
0.995031
0.999825
0.994275
0.887670
0.946226
0.929288
0.977159
0.542606
0.696850
0.664236
0.999994
0.999999
1.000000
1.000000
0.999197
0.999906
1.000000
1.000000
0.899931
0.999995
0.999891
1.000000
0.998141
0.979892
0.999981
0.999998
0.971058
0.990893
0.886737
0.995847
0.999903
0.998509
0.905219
0.585514
0.999995
0.898872
0.997973
0.994508
0.999694
0.999923
0.999994
0.999829
0.984884
0.942525
0.983779
0.651983
0.986516
0.365946
0.955842
0.850631
0.948011
0.868955
0.864295
0.943909
0.940854
0.703327
0.966792
0.706490
0.880594
0.982224
0.985478
0.964271
0.935835
0.490880
0.787059
0.453769
0.597941
0.958342
0.996658
0.997087
0.992276
0.969557
0.987015
0.830243
0.630029
0.848819
0.382637
0.821507
0.838997
0.991838
0.994405
0.939999
0.699555
0.720225
0.996820
0.998873
0.990817
0.693749
0.493795
0.977035
0.989403
0.993318
0.996585
0.993947
0.986373
0.949497
0.979095
0.652772
0.986241
0.610316
0.848554
0.919547
0.922001
0.820211
0.962452
0.927457
0.891098
0.703429
0.971353
0.976610
0.974455
0.982317
0.973575
0.996606
0.918105
0.995008
0.999200
0.997601
0.588797
0.691277
0.721647
0.997786
0.998621
0.990415
0.998853
0.681177
0.974038
0.999940
0.861382
0.926049
0.989978
0.990676
0.921485
0.951523
0.958308
0.999982
0.940464
0.723339
0.999278
0.535944
0.585605
0.692227
0.749400
0.957021
0.660783
0.988322
0.972698
0.859166
0.742964
0.999959
0.959035
0.936053
0.999822
0.678894
0.633710
0.828198
0.981168
0.997610
0.976212
0.754572
0.909406
0.709493
0.871586
0.979200
0.746499
0.710793
0.999982
0.723166
0.999958
0.613480
0.810376
0.895988
0.752634
0.599722
0.755300
0.538828
0.841658
0.971197
0.747368
0.999453
0.995230
0.611713
0.981160
0.997461
0.874063
0.875777
0.930007
0.644220
0.654272
1.000000
0.959228
0.541702
0.998833
0.990812
0.999992
0.999999
0.683929
0.984043
0.994726
0.957666
0.865596
0.741904
0.982907
0.960846
0.976599
0.997692
0.512244
0.974954
0.804750
0.999774
0.771908
0.999997
0.868689
0.997257
0.999999
0.947309
0.563541
0.600013
0.975600
0.930057
0.743792
0.610354
0.909462
0.912325
0.651693
0.927000
0.797844
0.498987
0.752015
0.634418
0.841881
0.999998
0.999979
0.989848
0.979280
0.999498
0.648754
0.924406
0.765212
0.649850
0.790240
0.999691
0.999845
0.992065
0.841243
0.998391
0.677148
0.760778
0.999813
0.980208
0.998083
0.988551
0.999603
0.933933
0.995402
0.919136
0.997899
0.999819
0.859376
0.999902
0.999896
0.999797
0.867472
0.662028
0.741721
0.999904
0.999945
0.542684
0.850607
0.768478
0.999851
0.945350
0.841227
0.584038
0.998929
1.000000
0.738481
0.904454
0.982207
0.998834
0.590531
0.898512
0.999972
0.513486
0.701804
0.989982
0.948016
0.986808
1.000000
0.993250
0.932517
0.994588
0.971093
0.998131
0.996592
0.723572
0.921470
0.773983
0.957891
0.969107
0.795986
0.791535
0.550846
0.854242
0.997459
0.831311
0.645539
0.941494
0.991451
0.505548
0.512789
0.746668
0.776350
0.528346
0.997138
0.937401
0.999324
0.997748
0.996935
0.989140
0.987914
0.975590
0.960531
0.968578
0.999260
0.994162
0.999683
0.995513
0.979755
0.993729
0.966442
0.893303
0.982650
0.995900
0.938786
0.995766
0.995146
0.899964
0.999191
0.947998
0.905914
0.654426
0.651621
0.928984
0.985210
0.966282
0.998722
0.927963
0.980152
0.996305
0.999373
0.528775
0.995108
0.999514
0.995217
0.899306
0.994397
0.998227
0.701972
0.583332
0.950034
0.472117
0.504175
0.991853
0.882254
0.982914
0.998341
0.982879
0.999920
1.000000
0.999963
0.999993
0.999996
0.354092
0.993971
0.999979
0.999588
0.995200
0.999980
0.985948
0.998123
0.997379
0.999308
0.999994
0.774336
0.999995
0.962207
0.999998
1.000000
1.000000
1.000000
0.999891
0.883534
1.000000
0.994683
1.000000
0.999999
1.000000
0.985210
1.000000
1.000000
0.999998
0.481157
0.995026
0.999997
1.000000
0.998204
0.999957
0.999999
1.000000
1.000000
1.000000
1.000000
0.999995
0.990654
1.000000
1.000000
0.889087
0.999989
1.000000
0.999995
0.995171
0.999998
1.000000
0.959292
0.597360
0.999995
1.000000
0.999346
1.000000
0.994066
1.000000
0.979285
0.999957
0.999523
1.000000
0.999603
0.999499
1.000000
0.875988
0.998197
0.999997
1.000000
0.999996
1.000000
0.999984
0.999944
1.000000
0.999997
0.986922
0.999947
0.817891
0.960594
0.931475
0.958805
0.533344
0.994298
1.000000
1.000000
0.436199
0.846402
0.931915
0.822649
1.000000
1.000000
0.997432
0.852187
0.971447
0.999934
1.000000
0.599139
0.999742
1.000000
1.000000
1.000000
0.968299
1.000000
1.000000
0.989385
0.999997
0.999999
0.999931
0.982393
0.999204
0.926895
0.773346
0.499540
0.943587
0.908349
0.990228
0.492589
0.952185
0.968709
0.917538
0.884989
0.991103
0.945752
0.825123
0.660161
0.691140
0.795129
0.934680
0.878543
0.739518
0.958751
0.366872
0.877763
0.850163
0.639091
0.890020
0.733869
0.939586
0.994515
0.664249
0.722056
0.993559
0.482770
0.689835
0.864206
0.996287
0.999114
0.972146
0.994171
0.993241
0.499130
0.514085
0.910000
0.384114
0.811548
0.886986
0.490532
0.850547
0.719799
0.739772
0.795907
0.998367
0.864367
0.820945
0.879901
0.996114
0.582401
0.723615
0.996407
0.612251
0.987321
0.819169
0.999843
0.999947
0.999989
1.000000
0.999830
0.999979
0.999990
1.000000
0.999999
0.999998
0.999970
0.608340
0.992647
1.000000
0.999987
1.000000
0.928214
0.999889
0.994502
1.000000
0.991392
1.000000
0.999978
0.997024
0.997080
1.000000
0.999997
1.000000
1.000000
0.999987
0.999999
1.000000
0.999998
0.999993
1.000000
1.000000
0.985658
0.999239
1.000000
1.000000
1.000000
0.974708
0.999996
0.462433
0.999626
0.999995
0.999878
0.999281
0.987452
0.999856
0.999242
1.000000
0.998868
1.000000
0.999997
0.999802
1.000000
1.000000
1.000000
0.997222
0.999891
1.000000
1.000000
0.999998
1.000000
1.000000
0.999919
1.000000
1.000000
0.999998
1.000000
0.999947
1.000000
0.998853
1.000000
0.999993
1.000000
1.000000
1.000000
1.000000
0.396925
1.000000
1.000000
1.000000
1.000000
1.000000
1.000000
0.947749
0.999994
0.998572
1.000000
1.000000
1.000000
1.000000
0.999091
1.000000
1.000000
0.999996
0.997304
1.000000
0.999997
0.802463
0.993665
0.609199
0.912519
0.830956
0.916434
0.676060
0.993740
0.999827
0.999546
1.000000
0.999955
1.000000
1.000000
0.996060
0.999985
1.000000
0.984911
0.999996
0.999999
1.000000
1.000000
0.995558
0.996067
1.000000
1.000000
1.000000
0.932449
0.999987
1.000000
0.999898
0.999829
0.999942
1.000000
1.000000
1.000000
1.000000
1.000000
1.000000
1.000000
1.000000
0.999733
1.000000
0.989891
1.000000
0.974878
0.741754
0.681605
0.923321
0.880048
0.979932
0.999181
0.924426
0.998294
0.890765
0.988154
0.998950
0.772303
0.919644
0.999081
0.901665
0.999992
0.967120
0.939734
0.906090
0.999978
0.993226
0.986602
0.999945
0.992332
0.996828
0.997774
1.000000
0.858151
0.805930
1.000000
0.936737
0.981722
0.967143
0.807394
0.522562
0.999054
0.901067
0.851814
0.916877
0.869102
0.901085
0.849296
0.764769
0.961369
0.513811
0.969868
0.691781
0.978363
0.785975
0.644352
0.996088
0.808892
0.996544
0.986631
0.939006
0.831762
0.999224
0.741626
0.985665
1.000000
1.000000
1.000000
1.000000
1.000000
0.675043
0.993073
0.999998
0.999998
0.713026
0.999971
0.999988
0.999556
0.998067
0.418475
1.000000
1.000000
0.898072
0.866921
0.999914
0.999998
0.999992
1.000000
0.999515
0.999992
1.000000
0.999999
0.866991
0.710886
0.999821
0.999865
0.802004
0.999976
1.000000
0.999987
0.999990
1.000000
0.830811
0.731834
1.000000
0.999995
0.500167
0.999965
0.999742
0.986993
0.999942
0.996797
0.999571
0.999996
0.730961
0.999941
0.989270
1.000000
0.953337
0.925716
0.994386
0.999714
1.000000
0.996728
0.999969
0.998399
0.999696
0.764354
0.999711
0.478932
0.809394
0.999946
0.776169
1.000000
0.999998
0.999928
0.999899
0.901388
0.999994
1.000000
0.989603
0.997697
0.999495
0.987998
1.000000
0.999988
1.000000
1.000000
1.000000
0.999779
1.000000
0.999928
0.977282
0.981865
0.971602
0.860530
1.000000
0.999998
0.999824
0.999696
0.936750
0.999985
0.973639
0.914582
1.000000
0.998599
0.999981
0.898708
0.999261
0.917667
0.999898
0.999793
0.997393
0.999622
0.991652
0.894688
1.000000
1.000000
0.999991
0.998125
0.999999
0.998596
1.000000
1.000000
1.000000
1.000000
1.000000
1.000000
1.000000
1.000000
0.837395
0.859035
1.000000
1.000000
0.993643
0.987601
1.000000
1.000000
1.000000
1.000000
1.000000
0.711830
1.000000
1.000000
0.992688
0.998910
1.000000
0.999999
0.979730
0.709587
1.000000
0.935981
0.979102
0.837637
0.999899
0.999178
0.924487
0.998980
0.875096
0.987086
0.995358
0.951019
1.000000
1.000000
0.978494
0.763921
0.871954
1.000000
0.999918
0.996296
0.999997
1.000000
1.000000
0.999620
1.000000
1.000000
1.000000
1.000000
1.000000
1.000000
1.000000
1.000000
0.999954
1.000000
1.000000
1.000000
0.999998
1.000000
1.000000
1.000000
1.000000
0.999995
0.999999
1.000000
1.000000
0.999986
1.000000
1.000000
1.000000
1.000000
1.000000
1.000000
1.000000
1.000000
1.000000
1.000000
0.999992
1.000000
0.999660
0.999987
0.560664
0.789754
0.997182
0.760483
0.999968
0.999506
1.000000
1.000000
0.996456
0.502388
0.997684
0.999931
1.000000
0.999115
1.000000
0.908358
0.997287
0.990176
0.999998
0.975122
0.999990
0.999999
0.999989
0.999993
0.999998
0.999991
0.999370
1.000000
1.000000
0.999996
0.999909
0.999898
0.999970
0.996581
1.000000
0.999988
1.000000
1.000000
1.000000
1.000000
1.000000
1.000000
0.995820
1.000000
1.000000
1.000000
1.000000
0.999999
1.000000
1.000000
1.000000
0.999710
1.000000
1.000000
1.000000
0.999999
0.997230
1.000000
1.000000
1.000000
1.000000
1.000000
0.997126
0.999471
1.000000
1.000000
1.000000
0.683639
0.957546
0.999956
0.999999
0.999984
0.999996
0.999962
1.000000
0.989872
1.000000
1.000000
1.000000
0.999536
1.000000
1.000000
0.999920
0.999998
0.588884
1.000000
1.000000
1.000000
1.000000
0.999524
0.999981
1.000000
1.000000
1.000000
0.953267
1.000000
0.970780
0.999345
0.999955
0.552558
0.698165
1.000000
1.000000
0.542412
1.000000
0.999853
1.000000
0.999798
0.999867
0.999896
0.999999
0.999930
0.805747
1.000000
0.999907
0.995959
0.968382
0.725303
0.601117
0.948530
0.999997
1.000000
1.000000
0.999993
1.000000
1.000000
1.000000
0.999995
1.000000
1.000000
1.000000
1.000000
0.999999
0.989179
1.000000
0.999999
1.000000
1.000000
1.000000
1.000000
0.992660
1.000000
1.000000
1.000000
1.000000
1.000000
1.000000
1.000000
1.000000
1.000000
1.000000
1.000000
1.000000
0.999456
1.000000
1.000000
1.000000
0.988660
1.000000
1.000000
0.999998
1.000000
1.000000
0.602611
0.999642
0.521277
0.998789
1.000000
1.000000
0.724062
0.937464
0.730558
1.000000
0.933250
1.000000
0.733261
0.885463
0.955684
0.632573
0.638767
0.988988
0.927932
1.000000
1.000000
0.999999
1.000000
1.000000
0.599034
1.000000
1.000000
1.000000
1.000000
1.000000
1.000000
0.968874
1.000000
1.000000
1.000000
1.000000
1.000000
1.000000
1.000000
1.000000
1.000000
1.000000
1.000000
1.000000
0.674355
0.997535
0.832521
0.523886
0.998191
0.958099
0.949635
0.959928
0.857551
0.539169
0.529349
