0.997817
0.971567
0.986081
0.723264
0.996578
0.714908
0.997347
0.704976
0.979965
0.984586
0.992209
0.999894
0.707878
0.758650
0.993982
0.992273
0.649187
0.998984
0.991004
0.514080
0.858634
0.712049
0.536345
0.820663
0.992820
0.947969
0.969028
0.943885
0.541213
0.811216
0.971084
0.875707
0.521898
0.993909
0.799553
0.977665
0.920947
0.999161
0.989718
0.997410
0.975752
0.931091
0.999948
0.878174
0.999056
0.999899
0.969611
0.859407
0.698401
0.350053
0.999031
0.540531
0.807545
0.925580
0.505291
0.999217
0.977555
0.992992
0.914399
0.890029
0.936120
0.667412
0.678653
0.929765
0.990128
0.977629
0.995842
0.992367
0.999457
0.565556
0.987033
0.748258
0.993984
0.991566
0.877838
0.954590
0.999997
0.459800
0.477338
0.827892
0.966861
0.826779
0.483038
0.854249
0.957030
0.999614
0.940180
0.575822
0.993167
0.638650
0.997554
0.684929
0.916874
0.706501
0.745215
0.794193
0.975457
0.887602
0.557059
0.685186
0.962516
0.731107
0.985323
0.680643
0.535896
0.940641
0.968324
0.985741
0.542273
0.615109
0.872822
0.999778
0.929780
0.995720
0.603911
0.520523
0.999994
0.973915
0.974451
0.957979
0.609533
0.608968
0.746953
0.958872
0.651782
0.961721
0.850148
0.656551
0.998673
0.873836
0.975185
0.939166
0.896381
0.967420
0.567149
0.568454
0.975362
0.979247
0.998889
0.900135
0.922204
0.829203
0.997752
0.999058
0.788709
0.923525
0.982162
0.997905
0.884573
0.957027
0.786537
0.595517
0.999783
0.488659
0.999993
0.886226
0.923032
0.971865
0.985189
0.996986
0.951962
0.535175
0.833516
0.909907
0.583334
0.736750
0.928260
0.997520
0.996351
0.895532
0.977128
0.999775
0.993580
0.640644
0.959433
0.906078
0.999897
0.534376
0.997104
0.997546
0.757728
0.936255
0.832960
0.966680
0.921835
0.988079
0.971723
0.999798
0.954978
0.702940
0.519680
0.999671
0.815404
0.801465
0.895264
0.819975
0.885290
0.701977
0.490083
0.984005
0.982454
0.973578
0.968344
0.990958
0.640274
0.977589
0.999728
0.999819
0.484639
0.683257
0.999972
0.947313
0.476898
0.714566
0.692770
0.999820
0.610150
0.999843
0.972786
1.000000
0.999997
0.530587
0.778402
0.987382
0.616076
0.999980
0.612353
0.542694
0.724276
0.908359
0.996169
0.581570
0.729568
0.920627
0.995567
0.899854
0.999998
0.990709
0.516842
0.898529
0.785546
0.724090
0.999997
0.997032
0.784305
0.999830
0.975722
0.679242
0.715012
0.994468
0.591762
0.991679
0.523325
0.962373
0.994954
0.995526
0.999974
0.777533
0.855790
0.922312
0.999695
0.727075
0.941451
0.942240
0.973728
0.904354
0.927849
0.517876
0.999681
0.922532
0.815279
0.750226
0.994854
0.734995
0.993429
0.920930
0.885303
0.934375
0.769049
0.563895
0.990928
0.994855
0.762254
0.399291
0.454857
0.997179
0.497983
0.972698
0.865459
0.996998
0.499617
0.928909
0.911210
0.999997
0.610215
0.989679
0.443937
0.937552
0.540980
0.999732
0.990525
0.947627
0.999912
0.999761
0.994888
0.778343
0.960686
0.601775
0.842210
0.500864
0.999972
0.998538
0.848273
0.999790
0.985854
0.999491
0.578942
0.981509
0.964587
0.974814
0.794978
0.787159
0.986812
0.829675
0.997159
0.999949
0.879692
0.920195
0.730150
0.730942
0.551327
0.991490
0.992337
0.423822
0.818474
0.523506
0.973946
0.813874
0.988684
0.980253
0.854635
0.999997
0.857172
0.439484
0.544072
0.990968
0.999998
0.833437
0.735052
0.991479
0.528337
0.749392
0.979384
0.853885
0.680980
0.980372
0.996090
0.530129
0.927049
0.961328
0.897621
0.941979
0.916594
0.580880
1.000000
1.000000
0.999784
1.000000
0.998920
0.999999
1.000000
1.000000
0.942884
0.924664
0.898985
0.907891
0.981181
0.725704
0.621676
0.640262
0.999567
0.985094
0.787446
0.999997
0.681410
0.999995
0.881881
0.594573
0.904743
0.601027
0.531637
0.471357
0.999995
0.999769
0.950783
0.644770
0.540531
0.754908
0.988323
0.582900
0.515474
0.982657
0.938428
0.749854
0.999979
0.664189
0.978472
0.998164
0.542732
0.446976
0.995230
0.947722
0.998559
0.877347
0.964997
0.543615
0.999909
0.785485
0.734241
0.902423
1.000000
0.866968
0.539998
