0.999997
1.000000
0.999997
0.997069
0.999971
1.000000
0.996867
0.999978
1.000000
1.000000
0.999972
1.000000
1.000000
0.994106
0.999993
1.000000
0.998521
1.000000
1.000000
0.999930
1.000000
1.000000
0.999996
1.000000
1.000000
1.000000
0.999901
1.000000
1.000000
1.000000
1.000000
1.000000
1.000000
1.000000
0.987756
1.000000
1.000000
1.000000
0.999499
0.999979
0.999249
1.000000
0.999957
0.999987
0.986274
1.000000
0.999999
1.000000
1.000000
1.000000
0.999854
0.983533
0.999999
0.993409
1.000000
1.000000
1.000000
0.999916
0.999997
1.000000
1.000000
0.999981
1.000000
1.000000
1.000000
0.999977
0.999999
1.000000
0.999997
1.000000
1.000000
1.000000
1.000000
1.000000
0.999905
0.999936
0.999999
0.999904
1.000000
1.000000
1.000000
0.999535
0.999970
0.997761
0.999929
0.999996
1.000000
0.999865
0.999895
0.999998
1.000000
1.000000
1.000000
1.000000
1.000000
1.000000
1.000000
0.999793
0.999985
0.999999
1.000000
0.999991
1.000000
1.000000
1.000000
1.000000
1.000000
1.000000
1.000000
1.000000
1.000000
0.999980
1.000000
0.999619
1.000000
1.000000
0.999957
1.000000
1.000000
1.000000
0.999960
1.000000
1.000000
1.000000
0.999999
1.000000
1.000000
0.999987
1.000000
1.000000
0.999823
1.000000
0.999988
0.998836
0.999837
1.000000
1.000000
0.999999
0.988095
0.923644
0.996958
0.998975
0.999717
0.993499
0.999846
0.999564
0.999569
0.990799
0.965726
0.999987
0.999899
0.997464
0.948620
0.994961
0.985818
0.690531
0.996778
0.999744
0.981774
0.999679
0.994538
0.940761
0.969424
0.814948
0.988722
0.771242
0.981571
0.985694
0.943081
0.997917
0.999947
0.983274
0.999901
0.999917
0.968497
0.962560
0.631384
0.997434
0.997736
0.998547
0.950308
0.983549
0.617643
0.958903
0.987902
0.945760
0.857043
0.923435
0.740103
0.829555
0.952675
0.939596
0.959484
0.991980
0.988430
0.951634
0.954336
0.889752
0.852851
0.978748
0.936985
0.971639
0.968352
0.743535
0.968647
0.552396
0.581236
1.000000
0.961858
0.835917
0.835495
0.861371
0.968458
0.980978
0.798591
0.850092
0.647787
0.716184
0.751245
0.935997
0.977386
0.539553
0.630643
0.998749
0.999947
0.999546
0.998320
0.999518
0.998922
0.996197
0.999302
0.999631
0.999213
0.997068
0.897110
0.965980
0.998381
0.999678
0.999897
0.999813
0.999807
0.990129
0.912215
0.999929
0.997894
0.995222
0.938762
0.765709
0.815239
0.998686
0.943243
0.540933
0.555458
0.762310
0.990230
0.928330
0.988985
0.625499
0.912144
0.829230
0.817892
0.938042
0.963628
0.991161
0.976605
0.943133
0.933465
0.976694
0.969378
0.985348
0.958335
0.689130
0.983750
0.662290
0.779247
0.500603
0.879440
0.621931
0.767543
0.917563
0.543237
0.979332
0.911080
0.786412
0.932475
0.828256
0.953288
0.978314
0.974603
0.986678
0.949962
0.919749
0.907809
0.841043
0.926223
0.984932
0.927209
0.987117
0.946573
0.838754
0.942752
0.993767
0.936891
0.992701
0.997367
0.955824
0.683612
0.853193
0.982620
0.661408
0.993529
0.999572
0.862933
0.526004
0.877621
0.558991
0.605961
0.997692
0.901973
0.970482
0.560428
0.564857
0.944228
0.926838
0.795778
0.987504
0.863170
0.846840
0.950298
0.894626
0.961771
0.988184
0.922731
0.889857
0.952261
0.950991
0.859076
0.864653
0.943271
0.550937
0.965533
0.965645
0.841584
0.684597
0.970839
0.923383
0.970344
0.956264
0.995543
0.989414
0.889595
0.885066
0.954745
0.543282
0.874386
0.592162
0.726111
0.711225
0.751619
0.836717
0.611868
0.719078
0.955157
0.506616
0.981964
0.893976
0.808286
0.959918
0.915728
0.908131
0.968968
0.957018
0.961985
0.735570
0.927261
0.963589
0.826050
0.984974
0.937391
0.982890
0.886455
0.813862
0.898845
0.695614
0.874419
0.745410
0.933801
0.844203
0.995404
0.994393
0.999147
0.821076
0.992772
0.997495
0.975530
0.999855
0.976445
0.994943
0.999990
0.987094
0.996825
0.998986
0.735125
0.997324
0.999957
0.999148
0.998288
0.999475
0.993313
0.998570
0.997655
0.946638
0.992661
0.999102
0.999716
0.999786
0.985622
0.800821
0.867251
0.979511
0.991323
0.973948
0.850312
0.903015
0.996263
0.942395
0.567397
0.915220
0.964948
0.923134
0.880088
0.960998
0.936956
0.960183
0.923036
0.898408
0.911672
0.920224
0.868491
0.510823
0.947993
0.910741
0.948869
0.538232
0.925127
0.967611
0.958568
0.989243
0.917148
0.926829
0.956018
0.628333
0.867208
0.978433
0.979944
0.558354
0.956881
0.994764
0.977686
0.978424
0.882570
0.799099
0.960397
0.985320
0.685528
0.883323
0.864485
0.867946
0.992187
0.930237
0.885571
0.772859
0.995513
0.663022
0.964204
0.924845
0.508984
0.522797
0.912130
0.982488
0.969618
0.861351
0.681867
0.987362
0.973171
0.680159
0.987278
0.972010
0.484842
0.757966
0.545269
0.999561
0.998713
0.999161
0.998569
0.999986
0.999999
0.877841
0.999998
0.850991
0.880427
0.925948
0.975293
0.999765
0.998967
0.934241
0.994748
0.456388
0.612697
0.871830
0.874920
0.990021
0.527317
0.967131
0.712430
0.952993
0.950389
0.858325
0.934854
0.812157
0.717978
0.834760
0.995194
0.728673
0.965303
0.768979
0.954115
0.970439
0.864918
0.770276
0.891912
0.994591
0.999535
0.991768
0.925435
0.798537
0.839018
0.990981
0.796035
0.898878
0.867952
0.994392
0.987737
0.821313
0.640919
0.976919
0.835963
0.992067
0.984851
0.953007
0.526213
0.996848
0.996657
0.658243
0.974898
0.993184
0.992079
0.586723
0.994992
0.993365
0.972284
0.988367
0.998816
0.995223
0.922550
0.999935
0.991156
0.999824
0.999851
0.946638
0.997239
0.986869
0.966515
0.916215
0.882266
0.999982
0.998653
1.000000
1.000000
0.999985
0.999893
0.999997
1.000000
0.717683
1.000000
0.999982
0.999993
0.999677
0.998573
0.999825
0.999998
0.999931
0.999223
0.997848
0.804917
0.596042
0.690571
0.589772
0.660399
0.999734
0.726863
0.978385
0.996634
1.000000
0.999315
0.982666
0.986931
0.948163
0.752869
0.952965
0.948103
0.925547
0.942231
0.951128
0.910912
0.877526
0.496542
0.654837
0.963704
0.836226
0.980106
0.765856
0.972975
0.988251
0.974890
0.960542
0.999467
0.716976
0.651295
0.984057
0.987181
0.972210
0.998043
0.994478
0.996762
0.963509
0.909916
0.981087
0.946879
0.977406
0.988465
0.988099
0.856910
0.910288
0.735657
0.977854
0.993473
0.998736
0.919580
0.878955
0.990626
0.995515
0.973472
0.963573
0.943871
0.992457
0.973305
0.998604
0.999887
0.519052
0.879336
0.907681
0.595674
0.782585
0.788417
0.998406
0.999003
0.881328
0.930482
0.999883
0.772971
0.999195
0.997711
0.995645
0.996172
0.995595
0.998621
0.999530
0.994116
0.743716
0.992543
0.753021
0.945353
0.747382
0.553167
0.850150
0.826106
0.888756
0.828187
0.991462
0.885161
0.980681
0.922641
0.979478
0.976515
0.972141
0.981027
0.742977
0.977099
0.700013
0.810289
0.887736
0.762715
0.987233
0.958714
0.990926
0.870484
0.988131
0.999777
0.959968
0.655534
0.907014
0.980482
0.827414
0.526367
0.690281
0.530434
0.791543
0.901687
0.922723
0.999519
0.512479
0.854878
0.999999
0.460106
0.962729
0.958163
0.855164
0.914560
0.958266
0.727379
0.614952
0.573679
0.839420
0.855223
0.977399
0.987522
0.984919
0.990418
0.838766
0.743391
0.994124
0.845519
0.502024
0.929909
0.946977
0.984304
0.999974
0.717143
0.972393
0.975800
0.991399
0.545415
0.999995
0.988409
0.953590
0.912074
0.771762
0.761184
0.958027
0.944428
0.974586
0.766035
0.627856
0.540469
0.688944
0.727247
0.946441
0.631189
0.993179
0.989041
0.999968
0.952160
0.990458
0.999727
0.820760
0.846559
0.974191
0.959770
0.996543
0.892703
0.539605
0.968068
0.966789
0.588552
0.887047
0.974071
0.956313
0.696139
0.977394
0.984890
0.999682
0.996442
0.965014
0.957140
0.835845
0.991752
0.975017
0.978495
0.911924
0.998914
0.999812
0.597612
0.857425
0.940621
0.948602
0.869059
0.957066
0.998069
0.701757
0.892852
0.970390
0.832096
0.999087
0.910454
0.971750
0.924722
0.985943
0.706372
0.980058
0.886665
0.714874
0.868511
0.999989
0.997139
0.966083
0.539353
0.977960
0.779015
0.543391
0.998415
0.758205
0.937450
0.704742
0.998111
0.611659
0.551413
0.677912
0.600994
0.999913
0.999912
0.974890
0.999912
0.901928
0.923210
0.989673
0.979538
0.990439
0.971062
0.931457
0.957951
0.940277
0.999438
0.979868
0.950949
0.969270
0.879742
0.768156
0.978526
0.855845
0.879354
0.828913
0.735328
0.915009
0.624098
0.651324
0.901303
0.980865
0.963456
0.964123
0.808927
0.990230
0.917400
0.590560
0.986330
0.801456
0.851112
0.527600
0.901289
0.993824
0.605028
0.883395
0.791874
0.950454
0.591055
0.398782
0.973295
0.768510
0.935227
0.972160
0.994464
0.794659
0.857042
0.952848
0.997853
0.763349
0.549679
0.857682
0.581332
0.927661
0.984468
0.563880
0.497485
0.886442
0.897603
0.733096
0.780613
0.796169
0.472191
0.552991
0.878819
0.986360
0.986349
0.807993
0.550819
0.951168
0.710067
0.943511
0.959276
0.603191
0.999969
1.000000
1.000000
0.999940
0.999997
1.000000
0.999799
1.000000
0.999894
0.999988
0.995863
0.999998
0.999967
0.999865
0.999986
1.000000
0.997343
0.999995
0.999995
0.999623
0.999999
1.000000
1.000000
0.999999
1.000000
1.000000
0.996207
1.000000
1.000000
1.000000
1.000000
1.000000
0.999945
0.999999
0.999996
0.999998
1.000000
1.000000
0.999998
1.000000
0.999628
1.000000
1.000000
1.000000
1.000000
1.000000
0.874966
0.941916
0.903318
1.000000
1.000000
0.999993
1.000000
0.999985
0.999798
0.961051
1.000000
0.999975
1.000000
0.999999
0.996379
0.999999
1.000000
0.992755
0.999987
0.983135
1.000000
0.995773
1.000000
0.999999
1.000000
0.999656
0.997182
1.000000
0.989415
0.999561
0.999998
1.000000
0.999998
0.999997
0.999810
1.000000
1.000000
1.000000
1.000000
1.000000
0.999999
0.930757
0.609431
0.690185
0.971269
0.959200
1.000000
1.000000
0.937305
0.871187
0.594113
1.000000
1.000000
0.983106
0.993686
0.948820
1.000000
1.000000
0.996974
1.000000
1.000000
1.000000
0.464090
1.000000
1.000000
0.973143
0.999997
0.999992
0.997100
0.973276
0.996373
0.749914
0.891437
0.967432
0.682789
0.991066
0.567842
0.986594
0.956391
0.882505
0.828638
0.860231
0.766861
0.605955
0.787387
0.626090
0.777360
0.808984
0.709006
0.954369
0.839671
0.875475
0.810982
0.774549
0.553003
0.822301
0.893218
0.766473
0.574780
0.999680
0.874059
0.964316
0.386257
0.839477
0.985327
0.715920
0.652083
0.841503
0.480089
0.870545
0.485530
0.727534
0.960466
0.818954
0.718848
0.819983
0.657649
0.999429
0.857481
0.591683
0.999529
0.996055
0.804998
0.997491
0.916711
0.999937
0.997855
0.998085
0.999507
0.999951
1.000000
0.999347
0.999997
0.999953
1.000000
0.999977
1.000000
0.999988
0.997434
0.697897
0.999987
0.999879
1.000000
0.999628
0.999998
0.996115
1.000000
0.999981
1.000000
0.999994
0.939867
0.897681
1.000000
1.000000
1.000000
0.999990
0.998152
1.000000
1.000000
1.000000
1.000000
1.000000
1.000000
0.981501
1.000000
0.999999
1.000000
1.000000
1.000000
1.000000
1.000000
0.997373
1.000000
1.000000
0.999974
0.999913
0.998265
0.999999
1.000000
0.985155
1.000000
0.999997
1.000000
1.000000
1.000000
1.000000
1.000000
0.999876
1.000000
1.000000
1.000000
1.000000
1.000000
1.000000
0.999999
1.000000
0.999999
1.000000
0.997805
1.000000
0.999854
0.999230
1.000000
1.000000
1.000000
1.000000
0.999999
0.863180
1.000000
1.000000
1.000000
1.000000
1.000000
0.999999
0.999779
1.000000
0.999958
1.000000
1.000000
1.000000
1.000000
0.999948
1.000000
1.000000
0.999999
0.999826
1.000000
0.999985
1.000000
1.000000
1.000000
0.730235
0.633188
0.911188
0.620972
0.994176
0.427593
1.000000
1.000000
0.998320
0.997059
1.000000
1.000000
0.999997
1.000000
0.999992
1.000000
1.000000
0.999989
0.999975
1.000000
1.000000
1.000000
1.000000
1.000000
0.999999
1.000000
1.000000
1.000000
0.956169
0.999344
1.000000
0.999999
0.833736
0.930578
1.000000
1.000000
1.000000
1.000000
1.000000
1.000000
1.000000
1.000000
0.999997
1.000000
1.000000
1.000000
1.000000
1.000000
1.000000
1.000000
0.559471
0.999580
0.975394
0.999495
0.982358
0.964146
0.524761
0.997206
0.999249
0.770638
0.545440
0.999889
0.998474
0.826417
0.920606
1.000000
0.999969
0.804323
0.981184
0.999766
0.929250
0.997123
0.952389
0.989789
0.996751
0.683200
0.999998
0.999999
0.999849
0.976339
0.893964
0.994048
0.918547
0.976944
0.714143
0.801629
0.992991
0.850528
0.464299
0.643497
0.821740
0.986846
0.994679
0.969192
0.963568
0.448777
0.506505
0.990327
0.931124
0.996523
0.997252
0.999074
0.970439
0.999994
1.000000
0.999992
1.000000
0.999997
0.769621
0.999992
0.998535
0.999936
0.861524
0.999144
0.999862
0.913917
0.915922
0.834996
0.999977
1.000000
0.911466
1.000000
0.999998
0.999262
1.000000
0.799744
0.994102
0.999988
0.999961
1.000000
0.789298
0.998355
0.951083
0.702390
0.957037
0.999998
1.000000
0.999986
1.000000
1.000000
0.930388
0.920660
1.000000
0.999997
0.898018
0.999943
0.999972
0.987024
0.999714
0.999999
0.999999
1.000000
0.985951
1.000000
0.999996
0.999998
0.987575
0.941374
0.998700
0.999920
1.000000
0.999988
0.999854
0.997019
0.995143
0.999414
0.965880
0.770824
0.999999
0.719263
1.000000
0.999981
0.999940
0.999885
0.991335
1.000000
1.000000
0.999939
0.999569
0.999737
0.999957
0.999999
0.999995
1.000000
1.000000
0.999996
0.999904
0.999967
1.000000
0.997301
0.992240
0.945042
0.996419
1.000000
1.000000
0.999828
0.999997
0.795837
0.999001
0.920697
0.952137
1.000000
0.938383
0.995940
0.998379
0.999800
0.978577
0.999917
0.977293
0.998762
0.999481
0.999816
0.999558
1.000000
0.999780
0.997802
0.869726
0.997859
0.970480
0.999833
0.999985
0.999992
0.737383
1.000000
1.000000
0.999943
1.000000
1.000000
1.000000
0.999996
0.999994
0.999994
0.999987
1.000000
1.000000
1.000000
1.000000
0.999999
1.000000
0.951402
1.000000
1.000000
1.000000
0.999985
1.000000
1.000000
1.000000
0.999809
0.999982
1.000000
1.000000
0.999938
1.000000
0.999574
1.000000
1.000000
1.000000
1.000000
1.000000
1.000000
1.000000
1.000000
1.000000
0.999989
0.999991
1.000000
1.000000
1.000000
0.999615
0.999999
1.000000
0.999941
1.000000
1.000000
1.000000
1.000000
1.000000
0.999396
1.000000
1.000000
1.000000
1.000000
1.000000
1.000000
1.000000
1.000000
0.999978
0.999947
0.999999
1.000000
0.999866
1.000000
0.999628
1.000000
1.000000
1.000000
1.000000
1.000000
1.000000
1.000000
1.000000
0.999871
1.000000
0.999425
0.999773
0.734285
0.999439
0.988456
0.999673
1.000000
0.999985
1.000000
0.999531
0.996725
0.999784
0.999184
1.000000
0.999989
0.999987
0.999999
0.530549
0.959382
1.000000
0.995360
0.997739
0.999560
1.000000
0.999998
1.000000
0.999997
0.999993
0.999842
0.990651
1.000000
1.000000
1.000000
1.000000
1.000000
1.000000
0.999999
1.000000
1.000000
1.000000
1.000000
1.000000
1.000000
0.999999
0.999967
1.000000
1.000000
0.999999
0.999846
1.000000
0.999849
1.000000
1.000000
1.000000
0.999998
1.000000
1.000000
1.000000
0.999919
0.999980
1.000000
1.000000
0.999996
1.000000
0.999987
0.998995
0.999999
1.000000
1.000000
1.000000
0.735065
0.999219
1.000000
1.000000
0.999921
0.999999
1.000000
1.000000
0.984057
0.999373
1.000000
1.000000
0.999938
1.000000
1.000000
0.999586
1.000000
0.728172
1.000000
1.000000
1.000000
1.000000
1.000000
1.000000
1.000000
1.000000
0.999999
0.999999
0.999999
0.999950
0.999989
1.000000
1.000000
0.970018
1.000000
0.999997
0.946491
0.999964
1.000000
1.000000
1.000000
0.999806
0.999864
0.999963
0.999435
1.000000
0.999871
1.000000
1.000000
0.998299
0.924253
0.889319
0.976805
1.000000
1.000000
1.000000
1.000000
1.000000
1.000000
1.000000
1.000000
1.000000
1.000000
1.000000
1.000000
1.000000
1.000000
1.000000
1.000000
1.000000
1.000000
1.000000
1.000000
1.000000
1.000000
1.000000
1.000000
1.000000
1.000000
1.000000
1.000000
1.000000
1.000000
1.000000
1.000000
1.000000
0.995181
1.000000
0.999989
1.000000
0.999814
1.000000
1.000000
1.000000
1.000000
1.000000
0.713568
0.999999
0.964745
0.999942
1.000000
1.000000
0.934877
0.999994
0.940988
1.000000
0.999673
1.000000
0.552985
0.980438
0.692275
0.930434
0.815529
0.808802
0.984091
0.999999
0.999991
1.000000
1.000000
1.000000
0.991413
1.000000
1.000000
1.000000
1.000000
1.000000
1.000000
0.944461
1.000000
1.000000
1.000000
1.000000
0.999999
0.999991
0.999987
0.999998
1.000000
0.999913
0.993970
1.000000
0.646263
0.796936
0.502981
0.801095
0.796852
0.690929
0.738911
