0.908544
0.785896
0.691349
0.530853
0.643613
0.792685
0.503302
0.562019
0.527601
0.669000
0.706920
0.744080
0.889202
0.711727
0.713689
0.878005
0.868204
0.580898
0.883749
0.896347
0.887734
0.534230
0.594675
0.472903
0.348320
0.509265
0.601188
0.682338
0.483554
0.743692
0.735981
0.679304
0.458603
0.855439
0.892734
0.654286
0.750603
0.584436
0.636839
0.752109
0.881630
0.912126
0.907455
0.721264
0.870557
0.885705
0.942826
0.886037
0.853768
0.974786
0.970046
0.434992
0.430300
0.804230
0.659241
0.496255
0.627518
0.900176
0.803844
0.864717
0.850733
0.718761
0.742851
0.889023
0.698297
0.655553
0.836018
0.848070
0.774802
0.439660
0.579861
0.479403
0.603316
0.896240
0.890854
0.848133
0.551072
0.729978
0.525318
0.847966
0.686023
0.635112
0.924566
0.766060
0.763921
0.617412
0.939112
0.858972
0.579813
0.679312
0.479700
0.471097
0.709596
0.592902
0.513834
0.566812
0.772010
0.696245
0.677543
0.709048
0.394147
0.571864
0.465461
0.678373
0.857965
0.478315
0.739259
0.560281
0.810775
0.475366
0.789690
0.717645
0.693025
0.527350
0.514214
0.699398
0.955770
0.444858
0.793931
0.667793
0.459627
0.813736
0.391402
0.694146
0.480214
0.869947
0.877588
0.581721
0.431196
0.798661
0.641441
0.464911
0.895793
0.870723
0.620977
0.951262
0.924607
0.868900
0.874171
0.781655
0.891379
0.870584
0.736859
0.995504
0.332509
0.456105
0.732889
0.780606
0.571903
0.834893
0.587011
0.823965
0.597252
0.824625
0.725522
0.524555
0.727105
0.942020
0.834978
0.469335
0.451278
0.813084
0.373565
0.658933
0.639228
0.834025
0.493545
0.482183
0.543106
0.789119
0.694230
0.836405
0.555873
0.406358
0.913294
0.547522
0.481866
0.427575
0.867483
0.658933
0.630625
0.548073
0.808742
0.357586
0.530917
0.739162
0.465905
0.844371
0.495600
0.830160
0.753800
0.485509
0.971021
0.780877
0.864226
0.781932
0.482405
0.780112
0.499732
0.848535
0.458165
0.727880
0.667782
0.988064
0.481873
0.570978
0.732124
0.727463
0.649799
0.779263
0.555291
0.592337
0.479050
0.444658
0.992961
0.536754
0.486712
0.484600
0.833062
0.899487
0.636872
0.478418
0.615203
0.784346
0.795573
0.762368
0.617373
0.863414
0.754137
0.464150
0.622910
0.704329
0.899713
0.651021
0.769814
0.850879
0.876656
0.505936
0.593646
0.528290
0.901293
0.471632
0.829128
0.499995
0.734242
0.510072
0.710635
0.707123
0.722046
0.468175
0.793806
0.612353
0.744460
0.606228
0.404517
0.892408
0.696563
0.495880
0.859534
0.823496
0.582684
0.768634
0.647695
0.530202
0.346839
0.740337
0.691038
0.767631
0.589141
0.888534
0.811158
0.444011
0.724468
0.812446
0.926675
0.720622
0.507537
0.511949
0.581731
0.426901
0.826144
0.725767
0.386179
0.861603
0.504488
0.939663
0.593888
0.865830
0.687884
0.857658
0.729255
0.439796
0.852109
0.907346
0.911413
0.862814
0.545581
0.808471
0.971432
0.454292
0.658346
0.806145
0.889796
0.585328
0.712454
0.417459
0.586729
0.946855
0.689277
0.750960
0.736148
0.641478
0.287638
0.849772
0.408213
0.562177
0.456199
0.936860
0.755860
0.932951
0.767240
0.744299
0.672752
0.686742
0.472984
0.477034
0.391795
0.773457
0.756435
0.900760
0.814254
0.372258
0.570470
0.726902
0.878746
0.390870
0.881327
0.397738
0.591086
0.781540
0.989854
0.987855
0.948192
0.908464
0.948485
0.983454
0.974459
0.673950
0.685742
0.523039
0.528145
0.608446
0.989642
0.957794
0.460704
0.978955
0.826988
0.900430
0.641587
0.556413
0.877028
0.947145
0.718157
0.986209
0.966474
0.395332
0.776415
0.792801
0.730291
0.453109
0.985950
0.889777
0.691805
0.821694
0.891871
0.605825
0.586705
0.765129
0.971151
0.921716
0.384868
0.746466
0.835257
0.962236
0.399085
0.614729
0.989724
0.565056
