0.999175
0.999689
0.999909
0.899622
0.996832
0.999985
0.952959
0.910226
0.999990
0.999981
0.998088
1.000000
0.999675
0.877929
0.968401
0.999683
0.963397
0.999951
0.999998
0.969668
1.000000
0.999981
0.999384
0.999643
0.999960
0.999988
0.986902
0.999999
0.999638
0.999994
0.973713
0.997790
0.990654
0.999981
0.944648
0.996920
0.999971
0.997154
0.986206
0.992417
0.999502
0.999972
0.997490
0.997451
0.875749
0.999928
0.982107
0.999999
0.999976
0.999907
0.979301
0.687071
0.997341
0.891872
0.999731
0.999715
0.999590
0.965063
0.999561
0.999995
0.999861
0.999892
0.998893
0.999994
0.994132
0.998155
0.999976
0.999959
0.999464
0.990251
0.999995
1.000000
0.999582
0.978341
0.998390
0.999098
0.996905
0.976138
0.999992
0.999926
0.998195
0.966731
0.986543
0.995672
0.933857
0.999065
0.999884
0.999397
0.997347
0.999907
0.999996
0.999999
0.999996
0.999655
0.999689
0.995973
0.999985
0.998693
0.999335
0.981577
0.999581
0.992082
0.999350
0.999842
0.998901
0.999995
0.999944
0.999933
0.999974
0.999713
0.993489
0.993562
0.999988
0.992555
0.999999
0.999330
0.998273
0.999982
0.999770
0.999999
0.999586
0.998490
0.999999
0.999868
0.999965
0.999919
0.999999
0.993251
0.999978
0.999598
0.998676
0.999957
0.999820
0.996891
0.995385
0.999830
0.999319
0.999528
0.740633
0.486897
0.903140
0.977614
0.967528
0.976900
0.972800
0.960512
0.515034
0.974858
0.986155
0.758271
0.986043
0.948973
0.976731
0.704686
0.959796
0.953053
0.895203
0.924357
0.968652
0.974897
0.936033
0.960725
0.574782
0.844382
0.783802
0.921934
0.891380
0.858098
0.714928
0.908534
0.968990
0.972853
0.879499
0.971878
0.952743
0.845624
0.618952
0.840303
0.910546
0.976129
0.971615
0.891661
0.749748
0.398862
0.575213
0.786749
0.794489
0.671581
0.749306
0.779032
0.735948
0.687019
0.616735
0.782513
0.737668
0.911131
0.910991
0.653939
0.910497
0.673698
0.649533
0.525230
0.658846
0.810595
0.736128
0.541819
0.800010
0.680512
0.853082
0.642922
0.771521
0.880552
0.740228
0.863287
0.518734
0.537128
0.745893
0.866425
0.847410
0.787623
0.805878
0.844073
0.882779
0.515073
0.739297
0.925499
0.789527
0.970001
0.490027
0.489579
0.782825
0.565597
0.532290
0.570787
0.566100
0.959482
0.553765
0.632031
0.660864
0.983815
0.980246
0.945171
0.987476
0.982757
0.960169
0.980016
0.971983
0.965803
0.995139
0.984682
0.954367
0.638869
0.981151
0.969191
0.952318
0.985099
0.988805
0.735364
0.665206
0.556293
0.617151
0.667947
0.856223
0.710971
0.722154
0.591185
0.947728
0.910377
0.971429
0.712481
0.409310
0.974905
0.419486
0.550788
0.960814
0.761718
0.961210
0.970055
0.974530
0.863072
0.930753
0.972838
0.963643
0.980031
0.973156
0.938091
0.883172
0.822500
0.756462
0.967170
0.969056
0.753020
0.901465
0.921425
0.670826
0.931661
0.967159
0.807226
0.572720
0.837122
0.608867
0.860330
0.828151
0.863936
0.694364
0.895683
0.755768
0.833177
0.894496
0.756206
0.761426
0.924062
0.870345
0.534549
0.516476
0.737178
0.606073
0.806186
0.743869
0.735509
0.827456
0.772507
0.934560
0.508244
0.734815
0.786050
0.559023
0.838701
0.751056
0.915022
0.957647
0.717389
0.716493
0.644005
0.840597
0.771278
0.868045
0.662210
0.697715
0.925450
0.983928
0.944840
0.959331
0.624112
0.847414
0.936574
0.880679
0.938270
0.904271
0.938654
0.743252
0.680610
0.982028
0.845932
0.738975
0.746042
0.961900
0.881966
0.514911
0.953137
0.767928
0.860394
0.766648
0.903224
0.883883
0.861431
0.882147
0.874787
0.672986
0.621837
0.834506
0.667592
0.835371
0.771574
0.990828
0.879724
0.802796
0.747493
0.779888
0.813167
0.714077
0.793710
0.969178
0.971935
0.919434
0.884442
0.912092
0.927783
0.894218
0.764757
0.914329
0.836314
0.864197
0.936324
0.895498
0.959713
0.928766
0.922087
0.978422
0.937145
0.781162
0.941750
0.947699
0.969250
0.926362
0.640962
0.865823
0.854521
0.950521
0.512269
0.836369
0.943852
0.968884
0.804623
0.626447
0.691686
0.736349
0.807023
0.746428
0.630458
0.955233
0.954629
0.935988
0.802460
0.961543
0.930712
0.837708
0.977614
0.883765
0.972583
0.986495
0.975632
0.951353
0.951386
0.926110
0.969366
0.972497
0.864582
0.966929
0.943659
0.932719
0.976529
0.853035
0.896724
0.983290
0.974937
0.954706
0.945328
0.856885
0.671369
0.626103
0.693110
0.965188
0.827536
0.856487
0.737005
0.960947
0.654481
0.509666
0.501205
0.530708
0.872668
0.826385
0.751386
0.776379
0.838618
0.720505
0.809755
0.947210
0.825358
0.746006
0.992497
0.471965
0.863332
0.829319
0.422501
0.921088
0.815647
0.610112
0.871607
0.890412
0.763303
0.894144
0.764873
0.776431
0.919139
0.685787
0.933945
0.932615
0.841644
0.966855
0.955326
0.945582
0.679283
0.964104
0.744442
0.931849
0.975851
0.946174
0.841421
0.597857
0.786493
0.924703
0.960781
0.780863
0.737828
0.934140
0.916360
0.807131
0.813329
0.576943
0.845278
0.778494
0.788750
0.813025
0.581936
0.637569
0.721379
0.854738
0.704609
0.958704
0.875837
0.516880
0.828476
0.759727
0.937103
0.924899
0.563729
0.951332
0.995126
0.706536
0.995184
0.684407
0.769080
0.747869
0.730452
0.865328
0.998652
0.851268
0.999283
0.582341
0.778709
0.968145
0.996332
0.746469
0.622384
0.770092
0.903382
0.619147
0.727019
0.769670
0.584240
0.829278
0.584549
0.938185
0.843955
0.818143
0.973940
0.747337
0.940013
0.715651
0.552849
0.810408
0.470335
0.894705
0.775191
0.636274
0.942773
0.967054
0.683526
0.703557
0.878629
0.587442
0.676804
0.520133
0.892889
0.943532
0.961520
0.495022
0.847801
0.670420
0.813503
0.638921
0.950633
0.971956
0.756450
0.667085
0.869235
0.857559
0.929898
0.865626
0.853766
0.481879
0.912831
0.781373
0.954584
0.847355
0.860120
0.925483
0.954936
0.863928
0.902527
0.969163
0.944795
0.989593
0.667801
0.771078
0.927230
0.897771
0.971247
0.950649
0.966882
0.719213
0.994102
0.983460
0.959419
0.978617
0.853554
0.721256
0.513492
0.783252
0.828528
0.784119
0.758206
0.912465
0.975497
0.983117
0.993288
0.998449
0.967600
0.996971
0.989038
0.977665
0.635760
0.992049
0.975448
0.995199
0.901931
0.951139
0.991826
0.982445
0.981477
0.915630
0.771210
0.911727
0.681881
0.626751
0.523895
0.862462
0.621049
0.876224
0.987869
0.736180
0.769679
0.974837
0.977028
0.989953
0.915397
0.816156
0.570292
0.585633
0.603451
0.593367
0.634897
0.652303
0.617001
0.683266
0.654534
0.598649
0.705296
0.581811
0.689540
0.902232
0.910437
0.681580
0.976991
0.510816
0.754033
0.505720
0.869062
0.726506
0.876842
0.833701
0.841066
0.947447
0.809040
0.867480
0.650189
0.904501
0.763792
0.921007
0.789930
0.627258
0.522188
0.655478
0.879391
0.775725
0.942812
0.884890
0.656860
0.936715
0.858143
0.878454
0.637600
0.480048
0.529706
0.917166
0.992873
0.653228
0.678357
0.843796
0.638513
0.971082
0.554466
0.970216
0.940444
0.974287
0.924039
0.993425
0.995837
0.989446
0.979990
0.911664
0.979088
0.803046
0.992318
0.970830
0.803366
0.500538
0.802234
0.863271
0.512091
0.837359
0.797809
0.670938
0.559423
0.494256
0.960809
0.883736
0.669134
0.610744
0.671457
0.646377
0.653310
0.915547
0.531196
0.574736
0.846059
0.607775
0.996070
0.991588
0.517906
0.926245
0.684620
0.880853
0.698633
0.891630
0.994003
0.531222
0.917639
0.672231
0.815014
0.722424
0.989603
0.937518
0.608283
0.556258
0.676781
0.565651
0.710929
0.650789
0.522614
0.578988
0.759401
0.713524
0.504610
0.495729
0.622383
0.751686
0.757826
0.782947
0.580518
0.612550
0.802410
0.651746
0.945982
0.577703
0.908026
0.754157
0.829738
0.869491
0.862080
0.972736
0.627165
0.723692
0.831327
0.572305
0.891329
0.937258
0.696946
0.749072
0.991439
0.530859
0.834271
0.618706
0.654286
0.982201
0.790643
0.731130
0.819402
0.893224
0.635752
0.823950
0.631239
0.726093
0.927750
0.700730
0.912332
0.821387
0.939395
0.887346
0.743153
0.677273
0.881202
0.492534
0.982304
0.904811
0.680614
0.956209
0.654802
0.620697
0.894627
0.881503
0.631866
0.676870
0.805309
0.732372
0.782494
0.822017
0.973302
0.963123
0.954003
0.915524
0.759776
0.868297
0.935207
0.999296
0.926936
0.648661
0.894352
0.816690
0.564945
0.986005
0.953687
0.768789
0.607028
0.694921
0.750749
0.984428
0.998796
0.620883
0.792514
0.692047
0.885525
0.765487
0.749187
0.934868
0.482980
0.975192
0.992089
0.989653
0.731081
0.571941
0.984490
0.728858
0.562910
0.629765
0.862278
0.831046
0.843839
0.658040
0.716134
0.755472
0.830243
0.712598
0.702854
0.950275
0.864230
0.752262
0.709135
0.644811
0.783300
0.704278
0.515653
0.511254
0.760302
0.750182
0.749960
0.923109
0.580380
0.524150
0.811606
0.907548
0.567748
0.637630
0.543993
0.567315
0.970952
0.687322
0.927174
0.949076
0.735958
0.649572
0.765921
0.847023
0.570467
0.786628
0.834912
0.966588
0.795553
0.918759
0.971465
0.679631
0.613487
0.938848
0.893075
0.969618
0.798047
0.987397
0.868178
0.608038
0.761678
0.934813
0.955865
0.980108
0.982564
0.983026
0.915502
0.672291
0.902894
0.924751
0.477381
0.905071
0.459361
0.886529
0.981503
0.971637
0.958975
0.990573
0.940610
0.696712
0.806692
0.583865
0.538275
0.727086
0.921985
0.675495
0.786229
0.533206
0.947046
0.999995
0.997556
0.999911
0.999471
0.827388
0.989347
0.986343
0.998930
0.997313
0.864263
0.990093
0.980693
0.998312
0.996654
0.997719
0.932869
0.937100
0.999907
0.862334
0.995761
0.999761
0.999870
0.994929
0.999686
0.990762
0.999867
0.985999
0.999999
0.999407
0.999709
0.954636
0.999981
0.998643
0.982525
0.977893
0.980792
0.995763
0.999936
0.926585
0.998372
0.769354
0.997264
0.999161
0.999760
0.999995
0.999825
0.962386
0.413295
0.377175
0.996365
0.999246
0.996895
0.999689
0.999566
0.999873
0.943214
0.999485
0.833218
0.830493
0.999176
0.994882
0.952474
0.998856
0.997518
0.984226
0.999951
0.995025
0.996676
0.985808
0.999736
0.952822
0.999957
0.998367
0.987292
0.999832
0.977359
0.963115
0.999874
0.999513
0.919599
0.985186
0.989687
0.999005
0.999522
0.999534
0.999914
0.997470
0.995025
0.954800
0.961845
0.666788
0.888738
0.819382
0.993541
0.999541
0.780313
0.999828
0.585234
0.696534
0.982907
0.639959
0.993596
0.999901
0.982726
0.417105
0.898805
0.533077
0.995577
0.998675
0.653893
0.960642
0.999774
0.999459
0.995303
0.831786
0.998257
0.990958
0.979937
0.997982
0.998477
0.990657
0.578232
0.947708
0.907315
0.682942
0.957282
0.863390
0.978770
0.611878
0.720019
0.814949
0.855260
0.758930
0.915385
0.543373
0.620997
0.510975
0.983075
0.829655
0.699810
0.687604
0.966819
0.906865
0.903925
0.741807
0.773300
0.923030
0.816893
0.750386
0.953868
0.880931
0.502772
0.913191
0.891913
0.803609
0.950193
0.877438
0.997609
0.907117
0.969087
0.576585
0.871700
0.713321
0.667426
0.564960
0.801678
0.687057
0.497832
0.580743
0.477867
0.711615
0.866892
0.806423
0.845870
0.987865
0.759767
0.493716
0.658728
0.555698
0.946262
0.548100
0.987922
0.795326
0.931684
0.900374
0.725676
0.952352
0.778859
0.991818
0.990150
0.997421
0.997464
0.995284
0.994530
0.999562
0.998443
0.997286
0.992712
0.998710
0.676931
0.997168
0.999119
0.989976
0.999197
0.979879
0.985979
0.831705
0.999992
0.993364
0.999995
0.999885
0.794768
0.997097
0.999999
0.999999
0.999877
0.999873
0.999712
0.999679
0.999911
0.988657
0.996291
1.000000
0.999929
0.999060
0.985522
0.999560
0.999999
0.999997
0.999984
0.999983
0.996600
0.999555
0.998257
0.999923
0.999530
0.996300
0.993145
0.991578
0.999930
0.995200
1.000000
0.999235
0.999976
0.999599
0.999953
0.999924
0.922241
0.990590
0.999961
0.998412
0.999905
0.999998
0.999888
0.999939
0.999975
0.999965
0.999265
0.999997
0.997627
0.999999
0.995183
0.993513
0.999181
0.959348
0.999725
0.999962
0.999189
0.980411
0.999597
0.999784
0.999354
0.999916
0.997617
0.999825
0.998210
0.999996
0.991799
0.998151
0.999738
0.999846
1.000000
0.996702
0.999988
1.000000
0.970645
0.920888
0.996653
0.996289
0.695631
0.984667
0.897064
0.588936
0.549283
0.713937
0.559788
0.948082
0.983674
0.606331
0.990681
0.999761
0.992547
0.976518
0.999873
0.999409
0.999999
0.999869
0.999659
0.945632
0.997105
0.997478
0.999996
0.999980
0.999189
0.982466
0.991934
0.997274
0.992722
0.807835
0.996879
0.999996
0.999236
0.993758
0.999941
1.000000
0.999871
0.999637
1.000000
1.000000
0.999990
0.999974
0.999924
0.940314
0.999972
0.999885
0.999986
0.996363
0.940274
0.964362
0.829548
0.766919
0.879983
0.991268
0.728062
0.791394
0.680694
0.698824
0.973980
0.965728
0.726184
0.661226
0.780824
0.999518
0.995226
0.825586
0.992474
0.997934
0.554315
0.983281
0.999984
0.698309
0.739945
0.954216
0.998442
0.636930
0.999450
0.999730
0.848539
0.725713
0.781793
0.657380
0.704296
0.828704
0.858903
0.519395
0.473214
0.693842
0.760095
0.777342
0.787815
0.794496
0.810730
0.917954
0.460718
0.733096
0.783219
0.940927
0.999686
0.997875
0.998922
0.999986
0.999593
0.930376
0.979094
0.914827
0.994575
0.994511
0.993172
0.965290
0.791598
0.540610
0.999634
0.999994
0.590703
0.991108
0.993896
0.966607
0.999898
0.431171
0.860245
0.964149
0.949073
0.989683
0.994170
0.999002
0.784898
0.999857
0.994769
0.931979
0.989161
0.999463
0.555185
0.889892
0.999999
0.995898
0.857531
0.997470
0.956361
0.967068
0.978792
0.999632
0.999191
0.999954
0.994124
0.996692
0.999489
0.999850
0.965676
0.930342
0.973103
0.953537
0.999985
0.938791
0.965611
0.988004
0.977425
0.948359
0.940170
0.637749
0.986184
0.843777
0.999879
0.997852
0.996907
0.982985
0.986314
0.998757
0.991446
0.957788
0.995129
0.994898
0.998786
0.970716
0.999815
0.997650
0.998970
0.936218
0.997000
0.995299
0.991136
0.967164
0.975172
0.998486
0.999920
0.999655
0.998279
0.979098
0.979854
0.998487
0.787423
0.957020
0.999273
0.973528
0.978208
0.984759
0.989649
0.998031
0.996645
0.922532
0.996657
0.997628
0.991520
0.978826
0.999998
0.999658
0.998504
0.999012
0.999940
0.922242
0.999980
0.999996
0.999911
0.688493
0.999943
1.000000
1.000000
0.999999
0.999986
0.997133
0.913065
0.999932
0.999999
0.950937
0.997820
0.999975
0.999995
0.999784
0.999983
0.999996
0.849657
0.999984
0.999953
0.900595
0.987689
0.999996
0.961403
0.587702
0.999587
0.962055
0.988932
0.765909
0.998175
0.962800
0.997984
0.756891
0.998201
0.999622
0.998884
0.999990
0.972771
0.867280
0.994029
0.999796
0.996549
0.998347
0.998226
1.000000
0.999998
0.999392
0.999591
0.999996
0.999793
0.999995
1.000000
0.999999
0.999962
1.000000
0.999946
0.999996
0.999986
0.999988
0.999977
0.999999
0.999999
0.999788
1.000000
0.999921
0.999985
0.999994
1.000000
0.992667
0.999995
0.999885
0.999999
0.999962
0.999999
0.999959
0.999998
0.999999
0.999999
0.999999
0.999536
1.000000
0.994374
0.999044
0.649439
0.917723
0.999694
0.906132
0.999999
0.999301
0.995047
0.997088
0.999859
0.999862
0.997448
0.993639
0.999913
0.765132
0.993102
0.997357
0.997581
0.995741
0.996199
0.992128
0.999780
0.997735
0.998764
0.987479
0.939047
0.999999
0.996980
0.999997
0.999733
0.999815
0.999652
0.999817
0.999981
0.999922
0.999869
0.999983
0.999899
1.000000
0.999920
0.999860
0.996837
1.000000
0.997561
0.970539
0.999959
0.992183
0.999812
0.999788
0.999995
0.984766
0.999683
0.998928
0.999972
0.989950
0.993363
1.000000
0.999247
0.999913
0.999707
0.999275
0.998039
0.999940
0.999907
0.999998
0.998310
0.565627
0.982646
0.999973
0.999927
0.999738
0.999740
1.000000
1.000000
0.996805
0.999589
1.000000
1.000000
0.991509
0.999998
1.000000
0.945861
0.999835
0.773439
0.637346
0.999959
0.999989
0.999999
0.999925
0.999976
1.000000
0.999997
0.999994
0.992558
0.987300
0.999991
0.980757
0.991894
0.994404
0.997118
0.995171
0.999999
0.999719
0.431982
0.688236
0.953419
0.965868
0.999678
0.999989
0.995448
0.999899
0.999388
0.907419
0.993184
0.995124
0.991691
0.999934
0.998949
0.834924
0.852876
0.999973
0.999563
1.000000
0.996128
0.999998
1.000000
0.999991
0.999701
1.000000
1.000000
0.999999
0.999995
0.999887
0.892707
0.999999
0.999999
1.000000
1.000000
1.000000
0.999951
0.998752
0.999994
0.999838
1.000000
1.000000
0.999999
1.000000
0.999999
0.999978
0.999925
0.999996
1.000000
0.999991
0.976083
0.999995
0.998825
0.999888
0.995471
1.000000
1.000000
0.999782
0.999947
0.999899
0.629084
0.845389
0.883302
0.990739
0.999737
0.921749
0.637457
0.999973
0.760214
0.998514
0.551648
0.655589
0.476552
0.491975
0.999891
0.999970
1.000000
1.000000
1.000000
0.999994
0.999997
0.999998
0.999999
1.000000
0.999997
0.999998
0.999783
0.999997
0.999997
0.999910
0.999979
0.999986
0.999745
1.000000
0.999816
0.999945
0.999971
0.504714
0.578048
0.469118
0.888304
0.839878
0.607815
