0.417488
0.930178
0.911234
0.905909
0.729407
0.783914
0.347284
0.452319
0.791743
0.692623
0.899367
0.879106
0.676243
0.829768
0.744324
0.873033
0.752128
0.524715
0.860527
0.801077
0.472809
0.472962
0.497847
0.486126
0.436535
0.723946
0.495497
0.429014
0.816102
0.480669
0.765353
0.557762
0.663890
0.688562
0.747177
0.605220
0.773235
0.904529
0.898306
0.836104
0.861318
0.834812
0.724069
0.879165
0.848484
0.436443
0.686355
0.816276
0.675157
0.708217
0.675728
0.912766
0.735058
0.890239
0.946634
0.868131
0.952714
0.912489
0.892837
0.621533
0.588059
0.705324
0.719504
0.830116
0.808285
0.409485
0.662557
0.924229
0.696974
0.639575
0.744154
0.824951
0.523648
0.946291
0.888402
0.597891
0.626010
0.834734
0.672795
0.730914
0.542945
0.891094
0.575276
0.496074
0.898354
0.569811
0.738164
0.746985
0.749349
0.314720
0.547499
0.695569
0.568149
0.918023
0.896356
0.832521
0.485849
0.725472
0.475142
0.596983
0.861017
0.609810
0.540662
0.691927
0.695641
0.948469
0.863336
0.725874
0.450333
0.532729
0.739195
0.931667
0.796131
0.889545
0.851599
0.708587
0.809127
0.810892
0.477846
0.470959
0.940620
0.848804
0.588593
0.634962
0.868230
0.738167
0.569748
0.528424
0.792389
0.580024
0.661005
0.698954
0.728654
0.889870
0.886168
0.742003
0.721014
0.974510
0.893359
0.620898
0.883905
0.674143
0.692479
0.637342
0.454462
0.811074
0.829567
0.498519
0.829417
0.589362
0.451066
0.828710
0.502428
0.792440
0.905932
0.598852
0.858900
0.475015
0.430457
0.508615
0.620561
0.816517
0.746337
0.561309
0.912320
0.615870
0.697749
0.645924
0.785004
0.473437
0.480363
0.647556
0.443056
0.955500
0.768991
0.386669
0.489319
0.828406
0.720300
0.525994
0.868695
0.636104
0.935122
0.931425
0.877427
0.785420
0.563128
0.859976
0.495259
0.881942
0.804044
0.403507
0.839950
0.628951
0.467474
0.644845
0.650267
0.919407
0.887895
0.551044
0.839345
0.752331
0.545014
0.866474
0.728541
0.728063
0.426316
0.881676
0.656518
0.917863
0.510263
0.855921
0.579541
0.589120
0.831622
0.889403
0.877822
0.831379
0.610963
0.886065
0.759895
0.918828
0.797113
0.599142
0.792427
0.750896
0.647331
0.790315
0.597254
0.568722
0.863381
0.642072
0.908208
0.555797
0.835488
0.527554
0.713271
0.635711
0.870086
0.463540
0.560390
0.840853
0.674073
0.715576
0.619604
0.540961
0.527397
0.734353
0.823357
0.494116
0.451067
0.625503
0.487607
0.662611
0.949425
0.865012
0.876614
0.655717
0.864764
0.589059
0.893133
0.781335
0.895689
0.808211
0.682405
0.825417
0.795557
0.455564
0.908060
0.769605
0.885018
0.817023
0.805425
0.937961
0.676388
0.921137
0.584119
0.399696
0.480358
0.561848
0.730753
0.706818
0.733799
0.583944
0.639472
0.486169
0.372436
0.850488
0.910259
0.677539
0.602176
0.576290
0.810245
0.818156
0.852225
0.563123
0.480066
0.828636
0.525671
0.660835
0.792676
0.897400
0.607098
0.672923
0.843437
0.900218
0.715236
0.749081
0.914282
0.811695
0.810419
0.784305
0.798690
0.717314
0.830665
0.748414
0.573188
0.492433
0.886304
0.880452
0.496891
0.871833
0.827281
0.909217
0.878332
0.878359
0.882818
0.859770
0.793338
0.692415
0.457692
0.723641
0.439312
0.568335
0.801560
0.891469
0.436377
0.881040
0.373962
0.638186
0.831632
0.429491
0.782975
0.862550
0.489564
0.461976
0.801151
0.456375
0.556455
0.571826
0.765711
0.579024
0.550193
0.533334
0.771460
0.538191
0.588777
0.517315
0.821696
0.755811
0.786966
0.744463
0.323406
0.499129
0.880875
0.479201
0.392309
0.459415
0.591427
0.782753
0.521432
0.746294
0.848671
0.643412
0.421337
0.798879
0.510724
0.599776
0.910301
0.514463
0.617158
0.872573
0.669488
0.809269
0.700377
