0.887574
0.995937
0.986068
0.659222
0.577345
0.892952
0.513194
0.626930
0.635326
0.864840
0.923606
0.901319
0.947580
0.457415
0.688311
0.886241
0.865672
0.989943
0.827316
0.997543
0.593129
0.732501
0.381869
0.634482
0.378397
0.633743
0.564002
0.426835
0.818080
0.651785
0.557943
0.999732
0.592344
0.617664
0.816971
0.705879
0.676943
0.539081
0.569812
0.507552
0.738036
0.495884
0.372202
0.421226
0.884798
0.685604
0.740821
0.707381
0.983843
0.996570
0.970579
0.968607
0.669976
0.487499
0.975153
0.870229
0.592531
0.843029
0.929574
0.956775
0.742628
0.955905
0.909847
0.483937
0.979239
0.431875
0.974989
0.981662
0.790703
0.978979
0.976293
0.847287
0.614776
0.695411
0.955035
0.845787
0.885118
0.547132
0.541061
0.982447
0.936045
0.907155
0.947384
0.681974
0.482442
0.999170
0.886390
0.845691
0.727568
0.861441
0.765189
0.625946
0.893725
0.768352
0.823324
0.461534
0.954449
0.834498
0.714836
0.594550
0.507300
0.890453
0.975695
0.652328
0.723045
0.696236
0.585131
0.984419
0.944436
0.496111
0.646613
0.814582
0.607957
0.501776
0.630122
0.565928
0.621002
0.566838
0.885679
0.659238
0.787556
0.677739
0.797183
0.808012
0.713777
0.857045
0.548070
0.742112
0.452883
0.588484
0.511459
0.704408
0.598246
0.831975
0.900321
0.627981
0.637631
0.828055
0.774347
0.593168
0.418995
0.601401
0.682976
0.434171
0.825140
0.939711
0.685268
0.664817
0.588877
0.761778
0.413410
0.622589
0.356160
0.558073
0.771832
0.948920
0.943643
0.935547
0.380893
0.801613
0.742749
0.829206
0.512149
0.700008
0.680899
0.674240
0.963326
0.499903
0.395336
0.995466
0.503680
0.407390
0.719103
0.804889
0.489820
0.534515
0.548347
0.553649
0.615113
0.837080
0.803855
0.447369
0.544606
0.498231
0.549529
0.643696
0.661679
0.611540
0.318259
0.629594
0.667816
0.812693
0.467341
0.930668
0.731655
0.664217
0.563877
0.948964
0.787867
0.953998
0.629520
0.967253
0.939146
0.999980
0.744728
0.431662
0.701911
0.562744
0.857125
0.963317
0.652516
0.944582
0.628092
0.781667
0.736811
0.890510
0.466847
0.636981
0.897457
0.877997
0.511417
0.619814
0.981980
0.594256
0.772369
0.436774
0.885639
0.735310
0.580240
0.959013
0.779894
0.641206
0.998926
0.583439
0.512371
0.618657
0.713626
0.552244
0.803208
0.902464
0.768058
0.706726
0.574220
0.717407
0.697479
0.524888
0.707593
0.990303
0.733050
0.989065
0.810714
0.857570
0.835871
0.775139
0.586148
0.540668
0.822763
0.592736
0.694590
0.754073
0.514948
0.522065
0.587223
0.522583
0.580001
0.647742
0.589268
0.614689
0.821617
0.506585
0.372856
0.644795
0.652505
0.605747
0.409243
0.678954
0.816874
0.493166
0.977884
0.872835
0.592056
0.801992
0.770982
0.608870
0.802980
0.679823
0.761627
0.457669
0.682904
0.665257
0.999898
0.748976
0.781890
0.539062
0.674613
0.571337
0.995869
0.990135
0.824780
0.994091
0.980189
0.647933
0.714897
0.741191
0.862615
0.557499
0.514747
0.618628
0.652889
0.587312
0.969607
0.978631
0.940115
0.622068
0.662741
0.676345
0.753608
0.508835
0.585026
0.816083
0.691620
0.434849
0.749128
0.722450
0.441263
0.539251
0.741479
0.350352
0.923024
0.642658
0.994459
0.599076
0.947782
0.451142
0.890115
0.994898
0.887957
0.464490
0.518625
0.839950
0.532136
0.986912
0.596304
0.429801
0.594319
0.356470
0.632030
0.878467
0.402223
0.784873
0.692833
0.573950
0.960467
0.496881
0.646720
0.642960
0.866031
0.980095
0.595273
0.757532
0.813059
0.999999
0.999528
0.558879
0.999998
0.640754
0.999989
0.668307
0.956819
0.602891
0.491351
0.650580
0.567293
0.618049
0.711025
0.941984
0.909051
0.750054
0.631768
0.624885
0.638155
0.999752
0.624001
0.488246
0.606774
0.932440
0.815331
0.999996
0.600437
0.922789
0.910331
0.814605
0.366595
0.998505
0.769219
0.498272
0.627368
0.999987
0.491079
0.999876
