0.992798
0.996350
0.993238
0.989070
0.997270
0.998915
0.988970
0.990369
0.998366
0.994885
0.993582
0.989363
0.997952
0.957256
0.978910
0.992108
0.971733
0.998627
0.997941
0.965948
0.993047
0.997068
0.991078
0.994301
0.996217
0.991549
0.992549
0.997525
0.991189
0.999876
0.989715
0.992609
0.988034
0.997092
0.656531
0.978148
0.991317
0.991795
0.985117
0.995415
0.860225
0.995998
0.990689
0.992534
0.825283
0.995128
0.997850
0.999019
0.998328
0.988897
0.936411
0.957371
0.998020
0.779295
0.993877
0.996721
0.991626
0.948983
0.994436
0.994134
0.997759
0.996908
0.997282
0.996914
0.999149
0.996155
0.994328
0.995179
0.996270
0.992186
0.998931
0.999711
0.997462
0.997327
0.995030
0.990967
0.988760
0.966632
0.997942
0.994166
0.994547
0.996370
0.991909
0.990417
0.987979
0.993458
0.993509
0.990999
0.800412
0.998327
0.996988
0.997103
0.998215
0.998423
0.994387
0.997356
0.991078
0.993164
0.994193
0.990921
0.991352
0.977480
0.996735
0.998915
0.993739
0.999324
0.995502
0.996039
0.995637
0.988169
0.987420
0.964494
0.998428
0.936670
0.997909
0.997168
0.962111
0.985720
0.985833
0.993774
0.973320
0.995960
0.996406
0.999586
0.995727
0.996686
0.995465
0.983841
0.988210
0.996470
0.912748
0.991772
0.997220
0.991520
0.962641
0.997233
0.997788
0.995261
0.900998
0.900432
0.911999
0.985907
0.979542
0.973453
0.968146
0.987283
0.964065
0.981944
0.847299
0.993662
0.991026
0.987238
0.877596
0.971193
0.956464
0.927971
0.799334
0.968178
0.960553
0.967575
0.965655
0.865292
0.869251
0.913764
0.971013
0.929863
0.886673
0.915840
0.967600
0.960833
0.968363
0.911413
0.978633
0.966970
0.928631
0.713750
0.812599
0.971424
0.979432
0.990693
0.928143
0.921819
0.931533
0.653261
0.922343
0.942490
0.955316
0.888555
0.825365
0.905064
0.763908
0.628750
0.924384
0.914082
0.899034
0.688827
0.956891
0.849462
0.843805
0.846145
0.495698
0.676372
0.733641
0.917806
0.807809
0.454549
0.888172
0.732776
0.471262
0.876058
0.464613
0.896487
0.776128
0.858262
0.537185
0.907916
0.904245
0.957791
0.444630
0.538762
0.914962
0.485395
0.731725
0.737670
0.540812
0.572501
0.545254
0.737636
0.480090
0.734976
0.433398
0.461653
0.743457
0.956239
0.958495
0.935794
0.975421
0.959798
0.977215
0.971311
0.977314
0.958695
0.935583
0.919599
0.948190
0.760876
0.968163
0.945293
0.922281
0.967612
0.961545
0.722751
0.479427
0.779297
0.751074
0.708595
0.456261
0.920019
0.901269
0.652571
0.822208
0.833908
0.872967
0.926451
0.941731
0.855748
0.978527
0.742844
0.727368
0.548502
0.951768
0.969018
0.956377
0.867983
0.923923
0.966937
0.958659
0.939975
0.974546
0.916458
0.872651
0.838112
0.834015
0.888944
0.969088
0.902767
0.953231
0.637677
0.608038
0.805874
0.445236
0.907127
0.803039
0.867258
0.928417
0.828649
0.530299
0.882611
0.746912
0.625833
0.939584
0.786660
0.851508
0.636914
0.915956
0.824843
0.501413
0.507059
0.827904
0.914901
0.773540
0.569750
0.794914
0.388170
0.794080
0.669158
0.916739
0.915460
0.811960
0.799923
0.929512
0.973946
0.939925
0.890151
0.968188
0.887457
0.978616
0.849539
0.838801
0.920674
0.483634
0.987189
0.855355
0.674798
0.955152
0.351551
0.731793
0.649181
0.967967
0.841526
0.862076
0.673531
0.806168
0.793875
0.676008
0.829147
0.925688
0.860654
0.919888
0.910277
0.876030
0.843571
0.915815
0.934536
0.720624
0.863209
0.699591
0.649862
0.914290
0.855667
0.848222
0.932428
0.489419
0.895701
0.842987
0.381969
0.545736
0.920236
0.859350
0.547132
0.938749
0.984505
0.946792
0.907908
0.975733
0.976845
0.946151
0.953527
0.922885
0.928363
0.863499
0.956976
0.962929
0.973648
0.940325
0.956127
0.974435
0.731172
0.813035
0.977054
0.989998
0.974764
0.918513
0.955784
0.894389
0.949559
0.865449
0.883839
0.805213
0.700404
0.630014
0.919369
0.872519
0.939797
0.932644
0.817796
0.838770
0.492233
0.945478
0.842284
0.943559
0.891421
0.983721
0.948521
0.575088
0.984191
0.911814
0.940711
0.991248
0.991414
0.977030
0.971090
0.482753
0.980115
0.975365
0.972710
0.967315
0.480422
0.988783
0.969693
0.952676
0.974005
0.923810
0.980847
0.988653
0.959715
0.974979
0.947760
0.456532
0.898774
0.687640
0.974127
0.682280
0.795332
0.956817
0.823666
0.962527
0.892115
0.680830
0.592233
0.923036
0.857844
0.830505
0.450653
0.952709
0.896969
0.913877
0.710570
0.832261
0.969734
0.909295
0.838075
0.664574
0.908606
0.845792
0.929689
0.943512
0.944348
0.921442
0.904780
0.915460
0.899657
0.956031
0.940963
0.942599
0.967981
0.964645
0.941799
0.873790
0.947033
0.891936
0.909486
0.968147
0.962204
0.891834
0.844090
0.913764
0.957149
0.975028
0.861756
0.928468
0.750899
0.940854
0.954830
0.888125
0.891892
0.890557
0.909081
0.861583
0.874015
0.590082
0.890295
0.751040
0.753423
0.889165
0.774031
0.730448
0.889524
0.939861
0.770692
0.945829
0.932970
0.651023
0.980904
0.996037
0.962844
0.994185
0.997449
0.872004
0.992425
0.626693
0.981475
0.779055
0.875630
0.910003
0.999111
0.856985
0.997426
0.969517
0.991580
0.514078
0.521749
0.904067
0.907874
0.621511
0.682242
0.513382
0.889964
0.864322
0.932298
0.728103
0.899216
0.943207
0.711132
0.966159
0.892254
0.757169
0.846953
0.455171
0.941938
0.880801
0.763400
0.919504
0.972470
0.897428
0.826061
0.563065
0.872774
0.902233
0.634952
0.726394
0.794672
0.977431
0.963892
0.893440
0.848745
0.777506
0.889479
0.470516
0.465115
0.843243
0.496885
0.641286
0.800806
0.733829
0.921486
0.905235
0.848989
0.896965
0.489828
0.894601
0.900621
0.933156
0.914358
0.896777
0.782673
0.913859
0.901766
0.705909
0.936626
0.877717
0.921173
0.525373
0.870447
0.905693
0.907024
0.917641
0.922392
0.925337
0.886285
0.986760
0.923979
0.985746
0.970544
0.880680
0.757731
0.902944
0.856412
0.899094
0.726813
0.478349
0.964992
0.990175
0.992624
0.993429
0.986761
0.994448
0.990567
0.968026
0.559399
0.987440
0.992059
0.984763
0.950891
0.969566
0.984889
0.979746
0.978939
0.942428
0.892728
0.947756
0.864271
0.954214
0.790978
0.935907
0.898358
0.534244
0.969055
0.469151
0.949272
0.806988
0.989102
0.987553
0.980323
0.974430
0.910800
0.909329
0.961330
0.911864
0.893605
0.753142
0.911969
0.919843
0.756433
0.877011
0.666406
0.839779
0.942125
0.672046
0.864464
0.911612
0.928068
0.896976
0.945132
0.510218
0.906856
0.889008
0.707077
0.735681
0.754072
0.706612
0.960561
0.961035
0.912912
0.887061
0.915558
0.913163
0.829746
0.896385
0.584322
0.876469
0.970696
0.776750
0.921309
0.776674
0.774248
0.804336
0.955911
0.913344
0.944350
0.689672
0.933465
0.940604
0.963928
0.843415
0.962148
0.489004
0.952585
0.913293
0.977514
0.984617
0.438925
0.645742
0.984191
0.988419
0.983703
0.975922
0.971185
0.813356
0.994864
0.957779
0.978765
0.981390
0.947180
0.973238
0.985833
0.979394
0.864513
0.971772
0.518644
0.535967
0.701814
0.834383
0.630338
0.416636
0.810067
0.502915
0.759282
0.797167
0.465578
0.742768
0.869927
0.734367
0.885966
0.722757
0.849266
0.926495
0.729942
0.527191
0.607714
0.702048
0.576799
0.651103
0.620985
0.664497
0.791378
0.644852
0.766971
0.436216
0.829383
0.898419
0.920137
0.784798
0.791839
0.494169
0.554497
0.799959
0.647799
0.581987
0.870834
0.545554
0.469518
0.542694
0.647112
0.631194
0.872192
0.826543
0.946402
0.813511
0.886919
0.461098
0.579602
0.446738
0.768701
0.746415
0.693289
0.974719
0.651962
0.800474
0.620266
0.757228
0.854395
0.689483
0.664793
0.864949
0.904594
0.794714
0.722125
0.554824
0.883040
0.835853
0.861199
0.844981
0.871538
0.834966
0.556238
0.620702
0.754886
0.729012
0.811641
0.812003
0.836828
0.534441
0.802605
0.864999
0.608935
0.424156
0.727130
0.654130
0.828012
0.541921
0.879366
0.845960
0.796620
0.965196
0.792838
0.731174
0.600840
0.618083
0.918849
0.877205
0.459253
0.774384
0.534928
0.749358
0.522163
0.743154
0.630904
0.720948
0.820960
0.504997
0.859324
0.617977
0.932041
0.775870
0.811243
0.799209
0.855189
0.804458
0.668643
0.465542
0.856131
0.904924
0.533058
0.845332
0.811619
0.677915
0.855874
0.493902
0.750348
0.815375
0.586961
0.878952
0.841157
0.778866
0.938451
0.809923
0.572078
0.578073
0.433790
0.549452
0.646996
0.914761
0.817910
0.859389
0.952080
0.506165
0.901671
0.590115
0.869506
0.756834
0.904545
0.784627
0.775630
0.667469
0.882485
0.826916
0.821224
0.768513
0.433513
0.744998
0.819618
0.877504
0.850534
0.765259
0.895239
0.845296
0.730242
0.845865
0.664557
0.813476
0.777538
0.736297
0.893887
0.852351
0.952145
0.586783
0.959965
0.897062
0.397368
0.724401
0.903555
0.338254
0.759816
0.980033
0.942788
0.849550
0.960840
0.872000
0.757179
0.843435
0.554006
0.836325
0.532157
0.754344
0.654633
0.721307
0.406413
0.819170
0.679436
0.701326
0.900864
0.502893
0.877392
0.986938
0.972170
0.693104
0.896142
0.864710
0.533928
0.942831
0.934880
0.957180
0.816420
0.972044
0.635851
0.661367
0.912324
0.964320
0.841743
0.451860
0.811334
0.795804
0.936836
0.479147
0.675506
0.401892
0.868596
0.354347
0.387848
0.733130
0.906436
0.729537
0.903369
0.966521
0.748944
0.911730
0.747300
0.933395
0.982178
0.940671
0.877225
0.930449
0.881891
0.751759
0.455621
0.735402
0.601819
0.607694
0.743943
0.804385
0.916684
0.994165
0.998777
0.982521
0.997181
0.997819
0.973827
0.994107
0.977255
0.988652
0.995444
0.993740
0.998068
0.980870
0.990056
0.997843
0.998832
0.984108
0.970409
0.993735
0.990218
0.996745
0.996921
0.996799
0.993194
0.998255
0.994962
0.998860
0.994486
0.999129
0.990326
0.998353
0.993827
0.994789
0.995056
0.994601
0.538476
0.986362
0.982272
0.994212
0.998666
0.963271
0.998036
0.674674
0.994189
0.995284
0.995760
0.996970
0.994688
0.894907
0.716849
0.569692
0.994233
0.994545
0.991106
0.996264
0.994188
0.993747
0.985232
0.994822
0.988240
0.916516
0.992834
0.995282
0.936390
0.992488
0.980450
0.973948
0.996296
0.963712
0.995466
0.991923
0.998766
0.959900
0.998761
0.993476
0.969643
0.990300
0.979350
0.980082
0.997110
0.992810
0.985991
0.979446
0.995861
0.971413
0.997606
0.981217
0.998575
0.993921
0.989587
0.950015
0.836909
0.478312
0.904224
0.892849
0.980574
0.994827
0.701477
0.998965
0.871280
0.933235
0.914063
0.990413
0.994227
0.989960
0.756113
0.457255
0.602088
0.997053
0.996755
0.956872
0.996396
0.993514
0.995731
0.983035
0.966772
0.994645
0.978024
0.997876
0.990128
0.985678
0.989457
0.978700
0.749406
0.756380
0.845658
0.963862
0.758347
0.959174
0.858830
0.891938
0.930179
0.878594
0.949694
0.846612
0.875403
0.925934
0.909356
0.632836
0.931467
0.922718
0.944656
0.802681
0.735437
0.666914
0.904814
0.966878
0.903216
0.880233
0.729930
0.486137
0.765269
0.733499
0.967942
0.660512
0.926319
0.991501
0.887933
0.734806
0.957227
0.482753
0.567494
0.945844
0.725016
0.774549
0.434956
0.870672
0.941626
0.568271
0.658947
0.867520
0.687203
0.972890
0.993150
0.360581
0.966996
0.868435
0.944144
0.937412
0.654399
0.992720
0.990490
0.981420
0.986756
0.995017
0.991125
0.995180
0.989361
0.995154
0.990983
0.983001
0.997119
0.987896
0.998415
0.977860
0.995159
0.991845
0.963860
0.976052
0.999378
0.992190
0.998687
0.998302
0.920087
0.996677
0.998483
0.999314
0.998482
0.998918
0.993774
0.998015
0.990743
0.988724
0.995583
0.998009
0.999986
0.990580
0.983255
0.999855
0.999981
0.999556
0.998492
0.994513
0.987395
0.994469
0.998881
0.996090
0.998555
0.995759
0.994251
0.993116
0.998610
0.990591
0.999832
0.998754
0.992777
0.995679
0.997103
0.997189
0.991575
0.998180
0.999763
0.998229
0.996332
0.999794
0.999667
0.998025
0.999137
0.997330
0.968430
0.999945
0.996018
0.999999
0.997170
0.994160
0.999136
0.994883
0.982623
0.997937
0.994124
0.986626
0.998035
0.993581
0.999118
0.998470
0.999255
0.992602
0.993658
0.999604
0.988496
0.994085
0.999394
0.999717
0.999762
0.995496
0.999926
0.999996
0.990152
0.974673
0.997438
0.999582
0.705670
0.914927
0.740536
0.812515
0.848336
0.602442
0.790836
0.877001
0.542596
0.950045
0.981693
0.938227
0.999953
0.979985
0.980157
0.999640
0.976475
0.999943
0.996780
0.996378
0.986614
0.999335
0.994837
0.999997
0.999192
0.996820
0.971287
0.980117
0.995868
0.993356
0.993344
1.000000
0.997381
0.987933
0.995753
1.000000
0.999729
0.999436
0.999991
0.999999
0.999985
0.999942
1.000000
0.999348
1.000000
0.999936
0.999979
0.984964
0.871382
0.961030
0.966159
0.722053
0.759090
0.919099
0.791136
0.722977
0.837835
0.844645
0.737231
0.471207
0.761076
0.667809
0.436960
0.993146
0.964900
0.731988
0.743825
0.992660
0.984033
0.712765
0.968165
0.959389
0.739014
0.813736
0.857729
0.853351
0.990034
0.749103
0.938127
0.996204
0.994315
0.840170
0.791988
0.675952
0.501477
0.815407
0.472355
0.612725
0.838060
0.717465
0.781798
0.744828
0.850354
0.655784
0.823217
0.856969
0.811763
0.835782
0.539062
0.912351
0.884700
0.718823
0.606253
0.815982
0.427640
0.975222
0.989735
0.985530
0.987425
0.994741
0.983158
0.697769
0.971429
0.941019
0.984890
0.661872
0.980071
0.972399
0.743626
0.990997
0.994844
0.679756
0.983946
0.979672
0.948028
0.994055
0.559548
0.959256
0.964311
0.994260
0.984176
0.556984
0.992372
0.989873
0.570911
0.506306
0.996167
0.991334
0.981058
0.973481
0.992804
0.712915
0.980771
0.994349
0.992356
0.774947
0.991929
0.927628
0.960248
0.980753
0.998849
0.996805
0.987679
0.988923
0.965890
0.990175
0.987064
0.928436
0.888499
0.951253
0.974075
0.991665
0.967551
0.967254
0.951382
0.976986
0.971353
0.985594
0.651646
0.962919
0.996589
0.997041
0.988795
0.974518
0.929697
0.988274
0.994433
0.998377
0.942859
0.940953
0.988417
0.997275
0.992855
0.981995
0.976477
0.998061
0.928423
0.994409
0.979541
0.986567
0.948182
0.983779
0.994602
0.997869
0.992371
0.953071
0.993898
0.753731
0.943160
0.980111
0.940715
0.997515
0.967584
0.986332
0.977918
0.990485
0.879693
0.954714
0.969653
0.988608
0.985238
0.976800
0.533723
0.997682
0.990620
0.984679
0.964041
0.976126
0.973115
0.995240
0.996085
0.989083
0.872866
0.992487
0.997951
0.971233
0.992892
0.989764
0.874366
0.844848
0.996139
0.997293
0.818409
0.805584
0.999442
0.996774
0.991377
0.997172
0.998039
0.820983
0.997467
0.997493
0.885384
0.990246
0.995130
0.983578
0.834899
0.488834
0.998040
0.753948
0.891712
0.773234
0.994969
0.930826
0.670208
0.996982
0.840155
0.906608
0.943616
0.718598
0.999734
0.998878
0.797446
0.803011
0.812259
0.990810
0.998385
0.995748
0.997954
0.998521
0.999812
0.995827
0.998705
0.996538
0.998288
0.999672
0.999140
0.996545
0.999381
0.997661
0.997778
0.999120
0.997055
0.990149
0.990994
0.998472
0.999664
0.995940
0.999975
0.998899
0.998886
0.999527
0.999424
0.962489
0.998548
0.997279
0.999952
0.999588
0.997711
0.994309
0.996141
0.999398
0.999944
0.999381
0.998210
0.999934
0.994566
0.991951
0.627703
0.999233
0.949807
0.999116
0.996207
0.987220
0.987098
0.997721
0.998343
0.994443
0.994048
0.996335
0.740963
0.992706
0.987620
0.997677
0.984021
0.998241
0.991362
0.993215
0.984953
0.995604
0.997496
0.990830
0.998920
0.994543
0.995155
0.993984
0.997687
0.990172
0.990798
0.997728
0.997411
0.998649
0.997825
0.987278
0.996163
0.997313
0.997635
0.987515
0.994584
0.994206
0.994705
0.997299
0.995544
0.996732
0.997263
0.995327
0.990450
0.998788
0.997623
0.998717
0.998397
0.993025
0.999871
0.994441
0.989733
0.990182
0.991157
0.992406
0.990876
0.997937
0.999219
0.993780
0.862943
0.995612
0.988400
0.993688
0.995225
0.999095
0.999653
0.980178
0.996903
0.998341
0.999348
0.991689
0.999726
0.999403
0.986885
0.989152
0.995729
0.995252
0.992503
0.996489
0.996070
0.999756
0.995571
0.993878
0.996368
0.981529
0.997116
0.976599
0.993450
0.916550
0.943712
0.998738
0.984765
0.816175
0.990388
0.989117
0.998605
0.997328
0.994757
0.998504
0.994580
0.910975
0.992328
0.986353
0.995905
0.999130
0.990375
0.989371
0.752243
0.824000
0.996083
0.998110
0.999343
0.989208
0.998231
0.999504
0.999371
0.996027
0.999807
0.996876
0.999686
0.999613
0.999497
0.989848
0.999328
0.999256
0.997875
0.999874
0.997739
0.998942
0.996103
0.999766
0.999463
0.999771
0.999005
0.998904
0.999478
0.988436
0.992351
0.999244
0.996803
0.999535
0.992570
0.919665
0.998509
0.993835
0.986634
0.984314
1.000000
0.999876
0.999268
0.998976
0.999329
0.530271
0.998305
0.967168
0.951736
0.997659
0.998012
0.467465
0.995912
0.869446
0.999272
0.899732
0.973035
0.428426
0.818473
0.663752
0.850605
0.856483
0.713806
0.997305
0.988603
0.999856
0.999853
0.999999
0.689663
0.996468
0.996739
0.997917
0.998231
0.998183
0.998872
0.746460
0.998959
0.998343
0.991831
0.997495
0.996981
0.997131
0.997726
0.997957
0.999318
0.986661
0.990337
0.995395
0.817941
0.805727
0.849779
0.905115
0.443832
0.677140
0.508408
