1.000000000000000000e+00
9.877175025588535995e-01
9.662231320368475096e-01
9.263050153531218189e-01
9.068577277379733514e-01
9.027635619242578846e-01
8.996929375639713955e-01
8.986693961105425288e-01
8.976458546571136621e-01
8.945752302968270619e-01
8.945752302968270619e-01
8.945752302968270619e-01
8.945752302968270619e-01
8.945752302968270619e-01
8.945752302968270619e-01
8.935516888433981952e-01
8.935516888433981952e-01
8.925281473899693285e-01
8.904810644831115951e-01
8.894575230296827284e-01
8.874104401228249950e-01
8.843398157625383948e-01
8.843398157625383948e-01
8.822927328556806614e-01
8.812691914022517947e-01
8.802456499488229280e-01
8.792221084953940613e-01
8.781985670419651946e-01
8.781985670419651946e-01
8.781985670419651946e-01
8.781985670419651946e-01
8.781985670419651946e-01
8.771750255885363279e-01
8.761514841351074612e-01
8.761514841351074612e-01
8.761514841351074612e-01
8.761514841351074612e-01
8.741044012282497278e-01
8.741044012282497278e-01
8.741044012282497278e-01
8.741044012282497278e-01
8.741044012282497278e-01
8.741044012282497278e-01
8.741044012282497278e-01
8.741044012282497278e-01
8.741044012282497278e-01
8.741044012282497278e-01
8.741044012282497278e-01
8.741044012282497278e-01
8.741044012282497278e-01
8.741044012282497278e-01
8.741044012282497278e-01
8.741044012282497278e-01
8.741044012282497278e-01
8.741044012282497278e-01
8.741044012282497278e-01
8.730808597748208610e-01
8.730808597748208610e-01
8.730808597748208610e-01
8.730808597748208610e-01
8.730808597748208610e-01
8.730808597748208610e-01
8.730808597748208610e-01
8.730808597748208610e-01
8.730808597748208610e-01
8.730808597748208610e-01
8.730808597748208610e-01
8.730808597748208610e-01
8.730808597748208610e-01
8.730808597748208610e-01
8.730808597748208610e-01
8.730808597748208610e-01
8.730808597748208610e-01
8.730808597748208610e-01
8.730808597748208610e-01
8.730808597748208610e-01
8.730808597748208610e-01
8.730808597748208610e-01
8.730808597748208610e-01
8.730808597748208610e-01
8.720573183213919943e-01
8.720573183213919943e-01
8.710337768679631276e-01
8.689866939611053942e-01
8.689866939611053942e-01
8.679631525076765275e-01
8.659160696008187941e-01
8.648925281473899274e-01
8.638689866939610607e-01
8.628454452405321939e-01
8.607983623336744605e-01
8.597748208802457048e-01
8.577277379733879714e-01
8.567041965199591047e-01
8.546571136131013713e-01
8.546571136131013713e-01
8.536335721596725046e-01
8.515864892528147712e-01
8.515864892528147712e-01
8.515864892528147712e-01
8.505629477993859044e-01
8.495394063459570377e-01
8.485158648925281710e-01
8.474923234390993043e-01
8.454452405322415709e-01
8.454452405322415709e-01
8.433981576253838375e-01
8.423746161719549708e-01
8.423746161719549708e-01
8.413510747185261041e-01
8.403275332650972373e-01
8.403275332650972373e-01
8.403275332650972373e-01
8.403275332650972373e-01
8.393039918116683706e-01
8.372569089048106372e-01
8.352098259979529038e-01
8.341862845445240371e-01
8.331627430910951704e-01
8.321392016376663037e-01
8.321392016376663037e-01
8.311156601842374370e-01
8.300921187308085702e-01
8.290685772773797035e-01
8.280450358239508368e-01
8.270214943705219701e-01
8.259979529170931034e-01
8.259979529170931034e-01
8.259979529170931034e-01
8.259979529170931034e-01
8.259979529170931034e-01
8.259979529170931034e-01
8.259979529170931034e-01
8.259979529170931034e-01
8.259979529170931034e-01
8.259979529170931034e-01
8.259979529170931034e-01
8.259979529170931034e-01
8.259979529170931034e-01
8.259979529170931034e-01
8.259979529170931034e-01
8.259979529170931034e-01
8.259979529170931034e-01
8.259979529170931034e-01
8.259979529170931034e-01
8.259979529170931034e-01
8.259979529170931034e-01
8.259979529170931034e-01
8.259979529170931034e-01
8.259979529170931034e-01
8.259979529170931034e-01
8.259979529170931034e-01
8.259979529170931034e-01
8.259979529170931034e-01
8.259979529170931034e-01
8.249744114636642367e-01
8.249744114636642367e-01
8.249744114636642367e-01
8.249744114636642367e-01
8.249744114636642367e-01
8.249744114636642367e-01
8.249744114636642367e-01
8.249744114636642367e-01
8.249744114636642367e-01
8.249744114636642367e-01
8.239508700102353700e-01
8.239508700102353700e-01
8.239508700102353700e-01
8.239508700102353700e-01
8.239508700102353700e-01
8.239508700102353700e-01
8.239508700102353700e-01
8.229273285568065033e-01
8.219037871033776366e-01
8.208802456499487699e-01
8.208802456499487699e-01
8.198567041965200142e-01
8.188331627430911475e-01
8.188331627430911475e-01
8.188331627430911475e-01
8.188331627430911475e-01
8.188331627430911475e-01
8.188331627430911475e-01
8.178096212896622808e-01
8.178096212896622808e-01
8.178096212896622808e-01
8.178096212896622808e-01
8.178096212896622808e-01
8.178096212896622808e-01
8.167860798362334140e-01
8.167860798362334140e-01
8.157625383828045473e-01
8.157625383828045473e-01
8.157625383828045473e-01
8.157625383828045473e-01
8.157625383828045473e-01
8.157625383828045473e-01
8.147389969293756806e-01
8.147389969293756806e-01
8.147389969293756806e-01
