1.000000000000000000e+00
9.877175025588535995e-01
9.692937563971341097e-01
9.334698055271238859e-01
9.222108495394063521e-01
9.181166837256908853e-01
9.170931422722620185e-01
9.160696008188331518e-01
9.140225179119754184e-01
9.129989764585465517e-01
9.119754350051176850e-01
9.109518935516888183e-01
9.089048106448310849e-01
9.089048106448310849e-01
9.089048106448310849e-01
9.068577277379733514e-01
9.058341862845444847e-01
9.058341862845444847e-01
9.048106448311156180e-01
9.017400204708290179e-01
9.017400204708290179e-01
9.007164790174001512e-01
9.007164790174001512e-01
8.986693961105425288e-01
8.986693961105425288e-01
8.976458546571136621e-01
8.966223132036847954e-01
8.966223132036847954e-01
8.966223132036847954e-01
8.955987717502559287e-01
8.945752302968270619e-01
8.945752302968270619e-01
8.945752302968270619e-01
8.935516888433981952e-01
8.935516888433981952e-01
8.925281473899693285e-01
8.925281473899693285e-01
8.925281473899693285e-01
8.925281473899693285e-01
8.925281473899693285e-01
8.925281473899693285e-01
8.925281473899693285e-01
8.925281473899693285e-01
8.915046059365404618e-01
8.915046059365404618e-01
8.915046059365404618e-01
8.915046059365404618e-01
8.915046059365404618e-01
8.915046059365404618e-01
8.915046059365404618e-01
8.915046059365404618e-01
8.915046059365404618e-01
8.915046059365404618e-01
8.915046059365404618e-01
8.915046059365404618e-01
8.904810644831115951e-01
8.894575230296827284e-01
8.894575230296827284e-01
8.894575230296827284e-01
8.894575230296827284e-01
8.894575230296827284e-01
8.894575230296827284e-01
8.894575230296827284e-01
8.894575230296827284e-01
8.894575230296827284e-01
8.894575230296827284e-01
8.894575230296827284e-01
8.894575230296827284e-01
8.894575230296827284e-01
8.894575230296827284e-01
8.894575230296827284e-01
8.894575230296827284e-01
8.894575230296827284e-01
8.894575230296827284e-01
8.894575230296827284e-01
8.894575230296827284e-01
8.894575230296827284e-01
8.884339815762538617e-01
8.884339815762538617e-01
8.874104401228249950e-01
8.874104401228249950e-01
8.863868986693961283e-01
8.863868986693961283e-01
8.843398157625383948e-01
8.822927328556806614e-01
8.802456499488229280e-01
8.781985670419651946e-01
8.771750255885363279e-01
8.751279426816785945e-01
8.730808597748208610e-01
8.730808597748208610e-01
8.730808597748208610e-01
8.720573183213919943e-01
8.700102354145342609e-01
8.679631525076765275e-01
8.669396110542476608e-01
8.659160696008187941e-01
8.648925281473899274e-01
8.648925281473899274e-01
8.628454452405321939e-01
8.618219037871033272e-01
8.607983623336744605e-01
8.597748208802457048e-01
8.597748208802457048e-01
8.597748208802457048e-01
8.597748208802457048e-01
8.577277379733879714e-01
8.567041965199591047e-01
8.556806550665302380e-01
8.546571136131013713e-01
8.536335721596725046e-01
8.515864892528147712e-01
8.515864892528147712e-01
8.495394063459570377e-01
8.485158648925281710e-01
8.464687819856704376e-01
8.454452405322415709e-01
8.444216990788127042e-01
8.423746161719549708e-01
8.423746161719549708e-01
8.403275332650972373e-01
8.393039918116683706e-01
8.372569089048106372e-01
8.362333674513817705e-01
8.362333674513817705e-01
8.362333674513817705e-01
8.352098259979529038e-01
8.352098259979529038e-01
8.352098259979529038e-01
8.352098259979529038e-01
8.352098259979529038e-01
8.352098259979529038e-01
8.352098259979529038e-01
8.352098259979529038e-01
8.352098259979529038e-01
8.341862845445240371e-01
8.341862845445240371e-01
8.341862845445240371e-01
8.341862845445240371e-01
8.341862845445240371e-01
8.341862845445240371e-01
8.341862845445240371e-01
8.341862845445240371e-01
8.341862845445240371e-01
8.341862845445240371e-01
8.341862845445240371e-01
8.341862845445240371e-01
8.341862845445240371e-01
8.341862845445240371e-01
8.341862845445240371e-01
8.341862845445240371e-01
8.341862845445240371e-01
8.341862845445240371e-01
8.341862845445240371e-01
8.341862845445240371e-01
8.341862845445240371e-01
8.341862845445240371e-01
8.341862845445240371e-01
8.341862845445240371e-01
8.341862845445240371e-01
8.341862845445240371e-01
8.341862845445240371e-01
8.341862845445240371e-01
8.341862845445240371e-01
8.341862845445240371e-01
8.341862845445240371e-01
8.341862845445240371e-01
8.341862845445240371e-01
8.341862845445240371e-01
8.331627430910951704e-01
8.321392016376663037e-01
8.311156601842374370e-01
8.311156601842374370e-01
8.311156601842374370e-01
8.300921187308085702e-01
8.290685772773797035e-01
8.290685772773797035e-01
8.290685772773797035e-01
8.280450358239508368e-01
8.280450358239508368e-01
8.280450358239508368e-01
8.270214943705219701e-01
8.259979529170931034e-01
8.259979529170931034e-01
8.259979529170931034e-01
8.259979529170931034e-01
8.259979529170931034e-01
8.259979529170931034e-01
8.259979529170931034e-01
8.259979529170931034e-01
8.259979529170931034e-01
8.259979529170931034e-01
8.259979529170931034e-01
8.249744114636642367e-01
8.249744114636642367e-01
8.239508700102353700e-01
8.239508700102353700e-01
8.239508700102353700e-01
8.239508700102353700e-01
8.239508700102353700e-01
