1.000000000000000000e+00
9.856704196519958661e-01
9.611054247697031760e-01
9.222108495394063521e-01
9.119754350051176850e-01
9.058341862845444847e-01
9.037871033776867513e-01
9.027635619242578846e-01
9.017400204708290179e-01
8.986693961105425288e-01
8.986693961105425288e-01
8.976458546571136621e-01
8.945752302968270619e-01
8.945752302968270619e-01
8.945752302968270619e-01
8.945752302968270619e-01
8.935516888433981952e-01
8.935516888433981952e-01
8.935516888433981952e-01
8.935516888433981952e-01
8.925281473899693285e-01
8.925281473899693285e-01
8.915046059365404618e-01
8.904810644831115951e-01
8.874104401228249950e-01
8.874104401228249950e-01
8.874104401228249950e-01
8.874104401228249950e-01
8.863868986693961283e-01
8.853633572159672616e-01
8.853633572159672616e-01
8.843398157625383948e-01
8.843398157625383948e-01
8.843398157625383948e-01
8.833162743091095281e-01
8.833162743091095281e-01
8.833162743091095281e-01
8.822927328556806614e-01
8.812691914022517947e-01
8.802456499488229280e-01
8.792221084953940613e-01
8.781985670419651946e-01
8.781985670419651946e-01
8.781985670419651946e-01
8.781985670419651946e-01
8.771750255885363279e-01
8.751279426816785945e-01
8.741044012282497278e-01
8.741044012282497278e-01
8.741044012282497278e-01
8.741044012282497278e-01
8.741044012282497278e-01
8.741044012282497278e-01
8.741044012282497278e-01
8.730808597748208610e-01
8.730808597748208610e-01
8.730808597748208610e-01
8.730808597748208610e-01
8.720573183213919943e-01
8.720573183213919943e-01
8.720573183213919943e-01
8.720573183213919943e-01
8.720573183213919943e-01
8.720573183213919943e-01
8.720573183213919943e-01
8.720573183213919943e-01
8.720573183213919943e-01
8.720573183213919943e-01
8.720573183213919943e-01
8.710337768679631276e-01
8.710337768679631276e-01
8.710337768679631276e-01
8.710337768679631276e-01
8.710337768679631276e-01
8.700102354145342609e-01
8.700102354145342609e-01
8.700102354145342609e-01
8.700102354145342609e-01
8.689866939611053942e-01
8.689866939611053942e-01
8.679631525076765275e-01
8.669396110542476608e-01
8.659160696008187941e-01
8.628454452405321939e-01
8.618219037871033272e-01
8.607983623336744605e-01
8.587512794268168381e-01
8.577277379733879714e-01
8.556806550665302380e-01
8.546571136131013713e-01
8.536335721596725046e-01
8.515864892528147712e-01
8.505629477993859044e-01
8.485158648925281710e-01
8.474923234390993043e-01
8.474923234390993043e-01
8.464687819856704376e-01
8.444216990788127042e-01
8.423746161719549708e-01
8.413510747185261041e-01
8.393039918116683706e-01
8.382804503582395039e-01
8.382804503582395039e-01
8.382804503582395039e-01
8.362333674513817705e-01
8.362333674513817705e-01
8.341862845445240371e-01
8.321392016376663037e-01
8.300921187308085702e-01
8.300921187308085702e-01
8.280450358239508368e-01
8.259979529170931034e-01
8.249744114636642367e-01
8.229273285568065033e-01
8.219037871033776366e-01
8.208802456499487699e-01
8.198567041965200142e-01
8.188331627430911475e-01
8.178096212896622808e-01
8.167860798362334140e-01
8.147389969293756806e-01
8.147389969293756806e-01
8.126919140225179472e-01
8.126919140225179472e-01
8.106448311156602138e-01
8.106448311156602138e-01
8.106448311156602138e-01
8.106448311156602138e-01
8.106448311156602138e-01
8.106448311156602138e-01
8.096212896622313471e-01
8.096212896622313471e-01
8.096212896622313471e-01
8.096212896622313471e-01
8.096212896622313471e-01
8.096212896622313471e-01
8.096212896622313471e-01
8.096212896622313471e-01
8.096212896622313471e-01
8.096212896622313471e-01
8.096212896622313471e-01
8.096212896622313471e-01
8.096212896622313471e-01
8.096212896622313471e-01
8.096212896622313471e-01
8.096212896622313471e-01
8.096212896622313471e-01
8.096212896622313471e-01
8.096212896622313471e-01
8.096212896622313471e-01
8.096212896622313471e-01
8.096212896622313471e-01
8.096212896622313471e-01
8.096212896622313471e-01
8.096212896622313471e-01
8.096212896622313471e-01
8.096212896622313471e-01
8.096212896622313471e-01
8.096212896622313471e-01
8.096212896622313471e-01
8.085977482088024804e-01
8.085977482088024804e-01
8.075742067553736137e-01
8.065506653019447469e-01
8.055271238485158802e-01
8.055271238485158802e-01
8.055271238485158802e-01
8.055271238485158802e-01
8.055271238485158802e-01
8.055271238485158802e-01
8.045035823950870135e-01
8.034800409416581468e-01
8.034800409416581468e-01
8.034800409416581468e-01
8.034800409416581468e-01
8.034800409416581468e-01
8.034800409416581468e-01
8.024564994882292801e-01
8.014329580348004134e-01
8.014329580348004134e-01
8.014329580348004134e-01
8.014329580348004134e-01
8.014329580348004134e-01
8.014329580348004134e-01
8.014329580348004134e-01
8.014329580348004134e-01
8.014329580348004134e-01
8.014329580348004134e-01
8.014329580348004134e-01
8.004094165813715467e-01
8.004094165813715467e-01
7.993858751279426800e-01
7.993858751279426800e-01
7.983623336745138133e-01
7.973387922210849466e-01
7.973387922210849466e-01
7.973387922210849466e-01
7.973387922210849466e-01
7.973387922210849466e-01
7.973387922210849466e-01
