1.000000000000000000e+00
9.866939611054247328e-01
9.713408393039918431e-01
9.283520982599795524e-01
9.017400204708290179e-01
8.996929375639713955e-01
8.945752302968270619e-01
8.915046059365404618e-01
8.904810644831115951e-01
8.884339815762538617e-01
8.863868986693961283e-01
8.863868986693961283e-01
8.853633572159672616e-01
8.853633572159672616e-01
8.833162743091095281e-01
8.833162743091095281e-01
8.812691914022517947e-01
8.812691914022517947e-01
8.812691914022517947e-01
8.812691914022517947e-01
8.812691914022517947e-01
8.792221084953940613e-01
8.771750255885363279e-01
8.761514841351074612e-01
8.720573183213919943e-01
8.710337768679631276e-01
8.679631525076765275e-01
8.669396110542476608e-01
8.659160696008187941e-01
8.648925281473899274e-01
8.638689866939610607e-01
8.618219037871033272e-01
8.618219037871033272e-01
8.618219037871033272e-01
8.618219037871033272e-01
8.618219037871033272e-01
8.618219037871033272e-01
8.618219037871033272e-01
8.607983623336744605e-01
8.607983623336744605e-01
8.607983623336744605e-01
8.607983623336744605e-01
8.607983623336744605e-01
8.587512794268168381e-01
8.587512794268168381e-01
8.587512794268168381e-01
8.587512794268168381e-01
8.587512794268168381e-01
8.587512794268168381e-01
8.587512794268168381e-01
8.587512794268168381e-01
8.587512794268168381e-01
8.587512794268168381e-01
8.577277379733879714e-01
8.577277379733879714e-01
8.577277379733879714e-01
8.577277379733879714e-01
8.577277379733879714e-01
8.577277379733879714e-01
8.577277379733879714e-01
8.577277379733879714e-01
8.577277379733879714e-01
8.577277379733879714e-01
8.577277379733879714e-01
8.577277379733879714e-01
8.577277379733879714e-01
8.577277379733879714e-01
8.577277379733879714e-01
8.577277379733879714e-01
8.567041965199591047e-01
8.567041965199591047e-01
8.567041965199591047e-01
8.567041965199591047e-01
8.567041965199591047e-01
8.567041965199591047e-01
8.567041965199591047e-01
8.567041965199591047e-01
8.567041965199591047e-01
8.567041965199591047e-01
8.567041965199591047e-01
8.567041965199591047e-01
8.567041965199591047e-01
8.567041965199591047e-01
8.567041965199591047e-01
8.567041965199591047e-01
8.556806550665302380e-01
8.556806550665302380e-01
8.556806550665302380e-01
8.556806550665302380e-01
8.546571136131013713e-01
8.546571136131013713e-01
8.546571136131013713e-01
8.536335721596725046e-01
8.515864892528147712e-01
8.495394063459570377e-01
8.495394063459570377e-01
8.474923234390993043e-01
8.464687819856704376e-01
8.464687819856704376e-01
8.464687819856704376e-01
8.464687819856704376e-01
8.454452405322415709e-01
8.444216990788127042e-01
8.444216990788127042e-01
8.423746161719549708e-01
8.413510747185261041e-01
8.403275332650972373e-01
8.382804503582395039e-01
8.372569089048106372e-01
8.372569089048106372e-01
8.352098259979529038e-01
8.331627430910951704e-01
8.321392016376663037e-01
8.300921187308085702e-01
8.300921187308085702e-01
8.290685772773797035e-01
8.280450358239508368e-01
8.280450358239508368e-01
8.270214943705219701e-01
8.259979529170931034e-01
8.249744114636642367e-01
8.239508700102353700e-01
8.239508700102353700e-01
8.229273285568065033e-01
8.208802456499487699e-01
8.208802456499487699e-01
8.198567041965200142e-01
8.198567041965200142e-01
8.198567041965200142e-01
8.198567041965200142e-01
8.188331627430911475e-01
8.178096212896622808e-01
8.178096212896622808e-01
8.178096212896622808e-01
8.178096212896622808e-01
8.178096212896622808e-01
8.178096212896622808e-01
8.178096212896622808e-01
8.178096212896622808e-01
8.178096212896622808e-01
8.178096212896622808e-01
8.178096212896622808e-01
8.178096212896622808e-01
8.178096212896622808e-01
8.178096212896622808e-01
8.178096212896622808e-01
8.178096212896622808e-01
8.178096212896622808e-01
8.178096212896622808e-01
8.167860798362334140e-01
8.167860798362334140e-01
8.167860798362334140e-01
8.167860798362334140e-01
8.167860798362334140e-01
8.167860798362334140e-01
8.167860798362334140e-01
8.167860798362334140e-01
8.167860798362334140e-01
8.167860798362334140e-01
8.167860798362334140e-01
8.167860798362334140e-01
8.167860798362334140e-01
8.167860798362334140e-01
8.167860798362334140e-01
8.167860798362334140e-01
8.167860798362334140e-01
8.167860798362334140e-01
8.167860798362334140e-01
8.167860798362334140e-01
8.167860798362334140e-01
8.167860798362334140e-01
8.167860798362334140e-01
8.167860798362334140e-01
8.167860798362334140e-01
8.167860798362334140e-01
8.167860798362334140e-01
8.167860798362334140e-01
8.167860798362334140e-01
8.167860798362334140e-01
8.157625383828045473e-01
8.157625383828045473e-01
8.157625383828045473e-01
8.157625383828045473e-01
8.157625383828045473e-01
8.157625383828045473e-01
8.157625383828045473e-01
8.157625383828045473e-01
8.157625383828045473e-01
8.157625383828045473e-01
8.157625383828045473e-01
8.157625383828045473e-01
8.157625383828045473e-01
8.157625383828045473e-01
8.157625383828045473e-01
8.157625383828045473e-01
8.157625383828045473e-01
8.157625383828045473e-01
8.157625383828045473e-01
8.157625383828045473e-01
8.157625383828045473e-01
