1.000000000000000000e+00
9.866939611054247328e-01
9.703172978505629764e-01
9.201637666325486187e-01
8.894575230296827284e-01
8.874104401228249950e-01
8.843398157625383948e-01
8.802456499488229280e-01
8.781985670419651946e-01
8.771750255885363279e-01
8.761514841351074612e-01
8.751279426816785945e-01
8.751279426816785945e-01
8.730808597748208610e-01
8.710337768679631276e-01
8.710337768679631276e-01
8.700102354145342609e-01
8.700102354145342609e-01
8.700102354145342609e-01
8.689866939611053942e-01
8.679631525076765275e-01
8.669396110542476608e-01
8.659160696008187941e-01
8.628454452405321939e-01
8.618219037871033272e-01
8.618219037871033272e-01
8.607983623336744605e-01
8.597748208802457048e-01
8.587512794268168381e-01
8.587512794268168381e-01
8.567041965199591047e-01
8.567041965199591047e-01
8.546571136131013713e-01
8.546571136131013713e-01
8.546571136131013713e-01
8.526100307062436379e-01
8.526100307062436379e-01
8.515864892528147712e-01
8.515864892528147712e-01
8.505629477993859044e-01
8.505629477993859044e-01
8.505629477993859044e-01
8.505629477993859044e-01
8.505629477993859044e-01
8.505629477993859044e-01
8.495394063459570377e-01
8.495394063459570377e-01
8.485158648925281710e-01
8.485158648925281710e-01
8.485158648925281710e-01
8.485158648925281710e-01
8.474923234390993043e-01
8.474923234390993043e-01
8.464687819856704376e-01
8.454452405322415709e-01
8.454452405322415709e-01
8.444216990788127042e-01
8.444216990788127042e-01
8.444216990788127042e-01
8.444216990788127042e-01
8.444216990788127042e-01
8.444216990788127042e-01
8.444216990788127042e-01
8.444216990788127042e-01
8.444216990788127042e-01
8.444216990788127042e-01
8.444216990788127042e-01
8.444216990788127042e-01
8.444216990788127042e-01
8.444216990788127042e-01
8.444216990788127042e-01
8.433981576253838375e-01
8.433981576253838375e-01
8.433981576253838375e-01
8.433981576253838375e-01
8.433981576253838375e-01
8.433981576253838375e-01
8.433981576253838375e-01
8.433981576253838375e-01
8.433981576253838375e-01
8.433981576253838375e-01
8.433981576253838375e-01
8.433981576253838375e-01
8.423746161719549708e-01
8.423746161719549708e-01
8.423746161719549708e-01
8.423746161719549708e-01
8.423746161719549708e-01
8.413510747185261041e-01
8.403275332650972373e-01
8.393039918116683706e-01
8.382804503582395039e-01
8.362333674513817705e-01
8.341862845445240371e-01
8.341862845445240371e-01
8.331627430910951704e-01
8.321392016376663037e-01
8.311156601842374370e-01
8.311156601842374370e-01
8.300921187308085702e-01
8.290685772773797035e-01
8.290685772773797035e-01
8.290685772773797035e-01
8.270214943705219701e-01
8.259979529170931034e-01
8.259979529170931034e-01
8.249744114636642367e-01
8.229273285568065033e-01
8.208802456499487699e-01
8.198567041965200142e-01
8.188331627430911475e-01
8.178096212896622808e-01
8.167860798362334140e-01
8.157625383828045473e-01
8.147389969293756806e-01
8.137154554759468139e-01
8.126919140225179472e-01
8.126919140225179472e-01
8.106448311156602138e-01
8.096212896622313471e-01
8.096212896622313471e-01
8.085977482088024804e-01
8.065506653019447469e-01
8.065506653019447469e-01
8.065506653019447469e-01
8.055271238485158802e-01
8.045035823950870135e-01
8.045035823950870135e-01
8.034800409416581468e-01
8.024564994882292801e-01
8.014329580348004134e-01
7.993858751279426800e-01
7.983623336745138133e-01
7.973387922210849466e-01
7.973387922210849466e-01
7.973387922210849466e-01
7.973387922210849466e-01
7.963152507676560798e-01
7.952917093142272131e-01
7.942681678607983464e-01
7.942681678607983464e-01
7.932446264073694797e-01
7.932446264073694797e-01
7.932446264073694797e-01
7.932446264073694797e-01
7.932446264073694797e-01
7.932446264073694797e-01
7.922210849539406130e-01
7.922210849539406130e-01
7.922210849539406130e-01
7.922210849539406130e-01
7.922210849539406130e-01
7.922210849539406130e-01
7.922210849539406130e-01
7.922210849539406130e-01
7.922210849539406130e-01
7.922210849539406130e-01
7.922210849539406130e-01
7.922210849539406130e-01
7.922210849539406130e-01
7.922210849539406130e-01
7.922210849539406130e-01
7.922210849539406130e-01
7.911975435005117463e-01
7.911975435005117463e-01
7.911975435005117463e-01
7.911975435005117463e-01
7.911975435005117463e-01
7.911975435005117463e-01
7.911975435005117463e-01
7.911975435005117463e-01
7.901740020470828796e-01
7.901740020470828796e-01
7.901740020470828796e-01
7.901740020470828796e-01
7.901740020470828796e-01
7.901740020470828796e-01
7.901740020470828796e-01
7.901740020470828796e-01
7.901740020470828796e-01
7.901740020470828796e-01
7.891504605936540129e-01
7.891504605936540129e-01
7.891504605936540129e-01
7.891504605936540129e-01
7.891504605936540129e-01
7.891504605936540129e-01
7.891504605936540129e-01
7.881269191402251462e-01
7.881269191402251462e-01
7.871033776867962795e-01
7.871033776867962795e-01
7.860798362333674127e-01
7.860798362333674127e-01
7.860798362333674127e-01
7.860798362333674127e-01
7.860798362333674127e-01
7.860798362333674127e-01
7.860798362333674127e-01
7.860798362333674127e-01
