1.000000000000000000e+00
9.866939611054247328e-01
9.631525076765609095e-01
9.222108495394063521e-01
9.129989764585465517e-01
9.078812691914022182e-01
9.078812691914022182e-01
9.058341862845444847e-01
9.048106448311156180e-01
9.027635619242578846e-01
9.017400204708290179e-01
8.996929375639713955e-01
8.986693961105425288e-01
8.986693961105425288e-01
8.986693961105425288e-01
8.976458546571136621e-01
8.966223132036847954e-01
8.945752302968270619e-01
8.935516888433981952e-01
8.915046059365404618e-01
8.915046059365404618e-01
8.904810644831115951e-01
8.863868986693961283e-01
8.853633572159672616e-01
8.853633572159672616e-01
8.853633572159672616e-01
8.833162743091095281e-01
8.833162743091095281e-01
8.802456499488229280e-01
8.802456499488229280e-01
8.802456499488229280e-01
8.802456499488229280e-01
8.802456499488229280e-01
8.792221084953940613e-01
8.792221084953940613e-01
8.781985670419651946e-01
8.781985670419651946e-01
8.781985670419651946e-01
8.781985670419651946e-01
8.771750255885363279e-01
8.761514841351074612e-01
8.761514841351074612e-01
8.761514841351074612e-01
8.751279426816785945e-01
8.751279426816785945e-01
8.741044012282497278e-01
8.741044012282497278e-01
8.741044012282497278e-01
8.730808597748208610e-01
8.730808597748208610e-01
8.720573183213919943e-01
8.720573183213919943e-01
8.720573183213919943e-01
8.720573183213919943e-01
8.720573183213919943e-01
8.710337768679631276e-01
8.710337768679631276e-01
8.710337768679631276e-01
8.710337768679631276e-01
8.710337768679631276e-01
8.710337768679631276e-01
8.700102354145342609e-01
8.700102354145342609e-01
8.700102354145342609e-01
8.700102354145342609e-01
8.700102354145342609e-01
8.700102354145342609e-01
8.700102354145342609e-01
8.700102354145342609e-01
8.689866939611053942e-01
8.689866939611053942e-01
8.689866939611053942e-01
8.689866939611053942e-01
8.689866939611053942e-01
8.689866939611053942e-01
8.689866939611053942e-01
8.679631525076765275e-01
8.679631525076765275e-01
8.669396110542476608e-01
8.659160696008187941e-01
8.638689866939610607e-01
8.618219037871033272e-01
8.597748208802457048e-01
8.567041965199591047e-01
8.546571136131013713e-01
8.526100307062436379e-01
8.515864892528147712e-01
8.505629477993859044e-01
8.495394063459570377e-01
8.474923234390993043e-01
8.474923234390993043e-01
8.464687819856704376e-01
8.454452405322415709e-01
8.444216990788127042e-01
8.423746161719549708e-01
8.413510747185261041e-01
8.393039918116683706e-01
8.382804503582395039e-01
8.372569089048106372e-01
8.362333674513817705e-01
8.352098259979529038e-01
8.352098259979529038e-01
8.331627430910951704e-01
8.321392016376663037e-01
8.300921187308085702e-01
8.290685772773797035e-01
8.280450358239508368e-01
8.259979529170931034e-01
8.239508700102353700e-01
8.229273285568065033e-01
8.219037871033776366e-01
8.198567041965200142e-01
8.198567041965200142e-01
8.178096212896622808e-01
8.167860798362334140e-01
8.147389969293756806e-01
8.147389969293756806e-01
8.137154554759468139e-01
8.126919140225179472e-01
8.126919140225179472e-01
8.106448311156602138e-01
8.096212896622313471e-01
8.075742067553736137e-01
8.075742067553736137e-01
8.065506653019447469e-01
8.065506653019447469e-01
8.065506653019447469e-01
8.065506653019447469e-01
8.065506653019447469e-01
8.065506653019447469e-01
8.065506653019447469e-01
8.065506653019447469e-01
8.065506653019447469e-01
8.065506653019447469e-01
8.055271238485158802e-01
8.055271238485158802e-01
8.055271238485158802e-01
8.055271238485158802e-01
8.055271238485158802e-01
8.055271238485158802e-01
8.055271238485158802e-01
8.055271238485158802e-01
8.055271238485158802e-01
8.055271238485158802e-01
8.055271238485158802e-01
8.055271238485158802e-01
8.055271238485158802e-01
8.055271238485158802e-01
8.055271238485158802e-01
8.055271238485158802e-01
8.045035823950870135e-01
8.045035823950870135e-01
8.045035823950870135e-01
8.045035823950870135e-01
8.045035823950870135e-01
8.045035823950870135e-01
8.045035823950870135e-01
8.045035823950870135e-01
8.045035823950870135e-01
8.034800409416581468e-01
8.024564994882292801e-01
8.024564994882292801e-01
8.014329580348004134e-01
8.014329580348004134e-01
8.004094165813715467e-01
8.004094165813715467e-01
8.004094165813715467e-01
7.993858751279426800e-01
7.983623336745138133e-01
7.973387922210849466e-01
7.963152507676560798e-01
7.952917093142272131e-01
7.952917093142272131e-01
7.942681678607983464e-01
7.942681678607983464e-01
7.932446264073694797e-01
7.922210849539406130e-01
7.922210849539406130e-01
7.911975435005117463e-01
7.911975435005117463e-01
7.911975435005117463e-01
7.911975435005117463e-01
7.901740020470828796e-01
7.901740020470828796e-01
7.901740020470828796e-01
7.901740020470828796e-01
7.891504605936540129e-01
7.891504605936540129e-01
7.881269191402251462e-01
7.881269191402251462e-01
7.881269191402251462e-01
7.881269191402251462e-01
7.881269191402251462e-01
7.881269191402251462e-01
7.881269191402251462e-01
7.881269191402251462e-01
7.881269191402251462e-01
7.871033776867962795e-01
7.860798362333674127e-01
7.860798362333674127e-01
